book_index,book_title,"Topic 0: ['friend', 'exclaimed', 'returned', 'among']","Topic 1: ['yet', 'enough', 'day', 'back']","Topic 2: ['know', 'away', 'night', 'nothing']","Topic 3: ['back', 'cried', 'away', 'look']","Topic 4: ['know', 'school', 'last', 'day']","Topic 5: ['deck', 'away', 'first', 'moment']","Topic 6: ['replied', 'soon', 'day', 'take']"
0,1836_marryat-mr-midshipman-easy,0.045,0.0243,0.2275,0.0,0.0781,0.181,0.444
1,1841_marryat-masterman-ready,0.0064,0.0014,0.2179,0.1433,0.0001,0.0919,0.5389
2,1844_marryat-the-settlers-in-canada,0.0601,0.0002,0.2247,0.0028,0.0278,0.0197,0.6647
3,1845_dickens-the-cricket-on-the-hearth-a-fairy-tale-of-home,0.2201,0.0035,0.6258,0.0279,0.1187,0.0023,0.0017
4,1847_marryat-the-children-of-the-new-forest,0.0323,0.0213,0.3323,0.0001,0.0243,0.0,0.5897
5,1848_marryat-the-little-savage,0.1615,0.0,0.2595,0.0673,0.0097,0.0848,0.4172
6,1851_ruskin-the-king-of-the-golden-river,0.2085,0.0128,0.4242,0.3132,0.0008,0.0347,0.0058
7,1855_kingsley-westward-ho,0.055,0.5147,0.2272,0.0928,0.0317,0.0361,0.0424
8,1856_ballantyne-the-young-fur-traders,0.4913,0.0001,0.1608,0.1644,0.032,0.0171,0.1342
9,1857_ballantyne-the-coral-island-a-tale-of-the-pacific-ocean,0.3154,0.0,0.1087,0.2775,0.0,0.1313,0.167
10,1857_hughes-tom-browns-school-days,0.0732,0.0518,0.2822,0.1056,0.4648,0.0004,0.022
11,1858_ballantyne-martin-rattler,0.4118,0.0115,0.1079,0.2804,0.0114,0.0378,0.1392
12,1858_farrar-eric-or-little-by-little,0.1823,0.0241,0.3999,0.0293,0.3434,0.0172,0.0038
13,1861_hughes-tom-brown-at-oxford,0.0803,0.0321,0.3711,0.0507,0.4059,0.017,0.0428
14,1862_farrar-st-winfreds-the-world-of-school,0.2285,0.0222,0.3642,0.0285,0.3362,0.0112,0.0093
15,1863_ballantyne-fighting-the-whales,0.1519,0.009,0.1529,0.4458,0.0026,0.1839,0.054
16,1863_kingsley-the-water-babies,0.0043,0.1185,0.4437,0.3903,0.0427,0.0,0.0005
17,1865_ballantyne-the-lighthouse,0.4339,0.0277,0.1523,0.1573,0.0192,0.1566,0.053
18,1865_carroll-alices-adventures-in-wonderland,0.0309,0.0,0.6488,0.1879,0.1308,0.0003,0.0013
19,1869_dickens-david-copperfield,0.203,0.0027,0.6265,0.0009,0.1307,0.0135,0.0227
20,1870_hemyng-jack-harkaways-boy-tinker-among-the-turks,0.2761,0.2521,0.1795,0.0064,0.1422,0.0335,0.1102
21,1871_carroll-through-the-looking-glass,0.0078,0.0011,0.6488,0.2303,0.1115,0.0002,0.0003
22,1871_macdonald-at-the-back-of-the-north-wind,0.0207,0.005,0.7872,0.1709,0.0079,0.0079,0.0003
23,1871_macdonald-ranald-bannermans-boyhood,0.0935,0.0181,0.723,0.0995,0.0278,0.0009,0.037
24,1872_ballantyne-the-pioneers,0.4522,0.0,0.0353,0.1493,0.0014,0.043,0.3187
25,1872_macdonald-the-princess-and-the-goblin,0.0826,0.0,0.7495,0.1207,0.0,0.0056,0.0415
26,1873_ballantyne-life-in-the-red-brigade,0.5214,0.0005,0.2578,0.0445,0.118,0.0135,0.0442
27,1873_macdonald-gutta-percha-willie-the-working-genius,0.0802,0.0004,0.7368,0.1375,0.025,0.0198,0.0003
28,1874_ballantyne-the-pirate-city-an-algerine-tale,0.5144,0.1063,0.1343,0.0051,0.0291,0.08,0.1307
29,1875_ballantyne-rivers-of-ice,0.5897,0.0,0.2106,0.07,0.0519,0.0467,0.031
30,1875_macdonald-a-double-story,0.0665,0.047,0.761,0.121,0.0008,0.0004,0.0033
31,1876_adams-hair-breadth-escapes-the-adventures-of-the-three-boys-in-south-africa,0.1738,0.0108,0.1277,0.1129,0.0328,0.1034,0.4386
32,1877_ballantyne-the-settler-and-the-savage,0.3949,0.0322,0.0825,0.1009,0.0259,0.0035,0.3602
33,1878_kingston-the-three-admirals,0.0657,0.0016,0.0323,0.1094,0.002,0.2963,0.4927
34,1879_hemyng-jack-harkaway-in-new-york,0.1974,0.0958,0.2648,0.0061,0.1998,0.0435,0.1926
35,1879_hemyng-the-slave-of-the-mine,0.1749,0.0686,0.2276,0.0447,0.2544,0.0247,0.205
36,1881_ballantyne-my-doggie-and-i,0.4498,0.0016,0.3825,0.0235,0.1305,0.0068,0.0053
37,1881_reed-the-fifth-form-at-st-dominics,0.1087,0.0011,0.1815,0.0035,0.6891,0.0056,0.0105
38,1882_ballantyne-the-life-of-a-ship,0.0402,0.0001,0.1588,0.3856,0.0002,0.3467,0.0684
39,1882_henty-facing-death,0.1157,0.0148,0.3434,0.0287,0.334,0.0187,0.1446
40,1882_jefferies-bevis-the-story-of-a-boy,0.0299,0.0,0.1212,0.7333,0.0108,0.0628,0.042
41,1883_ballantyne-battles-with-the-sea,0.2939,0.1994,0.0073,0.0662,0.0127,0.2978,0.1226
42,1883_ballantyne-the-thorogood-family,0.3757,0.0434,0.1835,0.1586,0.0892,0.0449,0.1047
43,1883_fenn-nat-the-naturalist-a-boys-adventures-in-the-eastern-seas,0.0536,0.0002,0.1844,0.611,0.0242,0.0511,0.0755
44,1883_kingston-adventures-in-africa,0.0883,0.0,0.0084,0.2547,0.0,0.0469,0.6017
45,1883_macdonald-the-princess-and-curdie,0.0882,0.059,0.6296,0.1723,0.0001,0.0128,0.0381
46,1883_reed-the-adventures-of-a-three-guinea-watch,0.1667,0.0142,0.3056,0.0008,0.4555,0.0148,0.0423
47,1883_stevenson-treasure-island,0.049,0.1502,0.2771,0.249,0.0,0.2329,0.0419
48,1884_collingwood-the-pirate-island-a-story-of-the-south-pacific,0.2221,0.0001,0.105,0.0115,0.0554,0.5874,0.0185
49,1884_collingwood-under-the-meteor-flag-log-of-a-midshipman-during-the-french-revolutionary-ear,0.1735,0.0064,0.078,0.0124,0.0229,0.6408,0.0661
50,1884_fenn-through-forest-and-stream,0.0598,0.0,0.1549,0.617,0.0128,0.0972,0.0582
51,1884_lang-the-princess-nobody-a-tale-of-fairyland,0.002,0.1239,0.6795,0.1826,0.0018,0.0025,0.0077
52,1885_collingwood-the-congo-rovers-a-story-of-the-slave-squadron,0.1975,0.0,0.0493,0.0363,0.0164,0.668,0.0325
53,1885_collingwood-the-voyage-of-the-aurora,0.1952,0.0112,0.0721,0.0275,0.0264,0.6408,0.0267
54,1885_fenn-the-new-forest-spy,0.0743,0.0058,0.2975,0.5025,0.0908,0.0101,0.019
55,1885_henty-the-dragon-and-the-raven,0.1107,0.199,0.0087,0.0149,0.0,0.0702,0.5965
56,1885_henty-the-young-colonists,0.0709,0.0,0.0211,0.0844,0.028,0.0384,0.7572
57,1885_kingston-adventures-in-australia,0.0885,0.0,0.0416,0.1463,0.0101,0.0618,0.6517
58,1885_reed-follow-my-leader,0.1003,0.0084,0.1622,0.0273,0.6714,0.0224,0.008
59,1885_reed-reginald-cruden,0.1115,0.0032,0.2963,0.0002,0.571,0.0089,0.009
60,1886_ballantyne-the-lively-poll,0.4175,0.0016,0.2407,0.0706,0.0855,0.1624,0.0218
61,1886_ballantyne-the-prairie-chief,0.5427,0.0125,0.1261,0.1177,0.0055,0.0024,0.193
62,1886_fenn-son-phillip,0.1731,0.004,0.3548,0.3418,0.0966,0.0295,0.0001
63,1886_henty-for-name-and-fame,0.0516,0.0073,0.0733,0.04,0.0506,0.1012,0.6761
64,1886_henty-within-the-enemy-lines,0.0515,0.0,0.0819,0.0,0.0756,0.3165,0.4744
65,1886_stevenson-kidnapped,0.0333,0.3503,0.4317,0.0961,0.01,0.0363,0.0421
66,1887_adams-perils-in-the-transvaal-and-zululand,0.133,0.0047,0.1478,0.0079,0.0591,0.0707,0.5768
67,1887_collingwood-the-rovers-secret-a-tale-of-the-pirate-cays-and-lagoons-of-cuba,0.1668,0.0001,0.0585,0.0,0.0413,0.7013,0.0318
68,1887_fenn-the-bag-of-diamonds,0.161,0.0019,0.5081,0.1726,0.1556,0.0003,0.0005
69,1887_reed-the-master-of-the-shell,0.1188,0.0,0.1828,0.0004,0.6645,0.0182,0.0154
70,1888_henty-sturdy-and-strong,0.0353,0.0004,0.3259,0.0517,0.2704,0.1518,0.1644
71,1888_in-the-reign-of-terror,0.0985,0.0723,0.2913,0.0,0.1235,0.0626,0.3518
72,1888_lang-the-gold-of-fairnilee,0.0002,0.234,0.4274,0.3357,0.0001,0.0006,0.0021
73,1888_macdonald-a-rough-shaking,0.1053,0.0335,0.6892,0.0834,0.043,0.0221,0.0236
74,1888_wilde-the-happy-prince-and-other-tales,0.0612,0.0117,0.6707,0.226,0.0259,0.001,0.0035
75,1889_fenn-three-boys,0.085,0.0153,0.1613,0.6552,0.0507,0.0312,0.0014
76,1889_lang-prince-prigio,0.0703,0.072,0.6096,0.1269,0.0786,0.0001,0.0425
77,1889_reed-sir-ludar,0.0163,0.5235,0.2112,0.084,0.0561,0.0768,0.0321
78,1890_ballantyne-the-eagle-cliff,0.4423,0.015,0.1832,0.1988,0.0503,0.0406,0.0698
79,1891_reed-roger-ingleton-minor,0.131,0.0087,0.2564,0.0007,0.5545,0.0239,0.0248
80,1893_reed-the-cock-house-at-fellsgarth,0.083,0.0001,0.1329,0.0373,0.6909,0.0184,0.0374
81,1893_stevenson-catriona,0.1057,0.3656,0.41,0.0092,0.0557,0.0124,0.0415
82,1894_collingwood-the-cruise-of-the-esmeralda,0.1693,0.0,0.0729,0.0098,0.0241,0.7232,0.0006
83,1894_kipling-the-jungle-book,0.0001,0.0893,0.2158,0.6583,0.0047,0.002,0.0298
84,1894_reed-a-dog-with-a-bad-name,0.1386,0.0111,0.291,0.0088,0.4882,0.0145,0.0479
85,1894_reed-tom-dick-and-harry,0.1048,0.001,0.17,0.0127,0.6748,0.023,0.0137
86,1895_collingwood-the-pirate-slaver-a-story-of-the-west-african-coast,0.1452,0.0007,0.0336,0.0237,0.0086,0.7667,0.0216
87,1895_kipling-the-second-jungle-book,0.0107,0.151,0.1889,0.6366,0.0006,0.0038,0.0085
88,1895_reed-kilgorman-a-story-of-ireland-in-1798,0.0534,0.2706,0.2244,0.0185,0.1685,0.1639,0.1007
89,1896_collingswood-the-log-of-privateersman,0.0923,0.0058,0.0344,0.0085,0.008,0.8342,0.0167
90,1897_kipling-captains-courageous-a-story-of-the-grand-banks,0.0354,0.122,0.0984,0.5005,0.1096,0.1335,0.0005
91,1898_collingwood-a-pirate-of-the-caribbees,0.113,0.001,0.0392,0.0218,0.0117,0.8133,0.0
92,1898_farrow-the-wallypug-in-london,0.1582,0.0026,0.2964,0.0416,0.4289,0.0129,0.0594
93,1899_collingwood-the-castaways,0.1677,0.0,0.071,0.0066,0.0212,0.7335,0.0
94,1899_kipling-stalky-and-co,0.0756,0.1016,0.1782,0.1055,0.5203,0.0084,0.0105
95,1900_farrow-the-jungle-baby,0.0013,0.0004,0.6362,0.319,0.0007,0.0027,0.0396
96,1900_hemyng-jack-harkaway-and-his-sons-escape-from-the-brigands-of-greece,0.2219,0.2474,0.2268,0.0451,0.1413,0.0726,0.0449
97,1906_collingwood-across-the-spanish-main-a-tale-of-the-sea-in-the-days-of-queen-bess,0.1009,0.0797,0.0638,0.0667,0.0,0.5529,0.136
98,1907_collingwood-with-airship-and-submarine-a-tale-of-adventure,0.2377,0.0002,0.0631,0.0586,0.0202,0.5446,0.0756
99,1908_collingwood-a-middy-in-command-a-tale-of-the-slave-squadron,0.1108,0.0,0.0592,0.0101,0.0163,0.7892,0.0145
100,1908_collingwood-under-the-chilian-flag-a-tale-of-war-between-chili-and-peru,0.1081,0.0241,0.0264,0.038,0.0228,0.5868,0.1938
101,1909_collingwood-harry-escombe-a-tale-of-adventure-in-peru,0.382,0.0309,0.0996,0.0038,0.0202,0.3568,0.1066
102,1909_collingwood-the-cruise-of-the-thetis-a-tale-of-the-cuban-insurrection,0.1554,0.0179,0.0317,0.0002,0.0772,0.5681,0.1495
103,1910_collingwood-a-middy-of-the-slave-squadron-a-west-african-story,0.1625,0.0001,0.0289,0.0474,0.0088,0.7063,0.0458
104,1910_kipling-rewards-and-fairies,0.0059,0.3522,0.3296,0.2546,0.0411,0.0126,0.0039
105,1911_collingwood-a-middy-of-the-king-a-romance-of-the-old-british-navy,0.1086,0.0033,0.0358,0.0181,0.0064,0.7908,0.037
106,1911_collingwood-the-adventures-of-dick-maitland-a-tale-of-unknown-africa,0.3522,0.0203,0.0724,0.0093,0.0509,0.3198,0.1751
107,1912_collingwood-two-gallant-sons-of-davon-a-tale-of-the-days-of-queen-bess,0.2222,0.0689,0.0288,0.0692,0.0002,0.5152,0.0956
108,1914_collingwood-the-first-mate-the-story-of-a-strange-cruise,0.1387,0.0,0.0816,0.0411,0.022,0.6847,0.0319
