0	0	0.045029719953147064	0.02434946026463749	0.22745279542476363	3.411445697899116E-5	0.07812636777465815	0.1810190413426894	0.4439885007831254
1	1	0.0064034851467330844	0.0014129288228432754	0.21789883779874153	0.14334932466864594	8.544172103482856E-5	0.09191856316083367	0.5389314186811677
2	2	0.06013744122004694	1.9879582960140652E-4	0.22466251268134027	0.0027696020648632818	0.027762586636368082	0.019720635723916156	0.6647484258438638
3	3	0.22006043444399942	0.003544274217930887	0.6257671856166607	0.027918948668393357	0.11868620406031358	0.002322208991398486	0.0017007440013034586
4	4	0.03231091666414464	0.02133378351207131	0.3322881868289756	1.135678509866929E-4	0.024253567436642115	1.3586787021857307E-5	0.5896863909201578
5	5	0.16152660336073607	6.818465112716241E-6	0.25954155716098737	0.06726030688324872	0.009652442837426367	0.08479917598807934	0.41721309530440936
6	6	0.20846085484967092	0.012831180792990149	0.4241640202612791	0.31316778386347277	7.962289376100391E-4	0.034731603065017526	0.005848328229959611
7	7	0.05501114268657636	0.5147314855397493	0.22718983603357668	0.0927956837886342	0.031731167659056606	0.03614545981176224	0.04239522448064457
8	8	0.4912596862949778	1.4733046365988426E-4	0.16077717851095408	0.16444680651576993	0.032045919116787766	0.01708512225401461	0.134237956843836
9	9	0.31544504915923	6.2098556731758805E-6	0.10870548668753607	0.2775451985803612	1.1300688846711961E-5	0.1312793421015497	0.16700741292680318
10	10	0.0731688644627546	0.05178205697686087	0.28224447869560115	0.10561703666990872	0.4647642629197092	3.9316613251164995E-4	0.0220301341426539
11	11	0.41175798468756336	0.011545837644638932	0.10787147068591443	0.280421621018191	0.011412440817385478	0.03778286607902756	0.13920777906727919
12	12	0.18231314889656092	0.024080370269055105	0.39989429089656836	0.029318300159331213	0.34344474967743727	0.01716709580970735	0.0037820442913397818
13	13	0.08032672713550507	0.032113797317759804	0.3711179963623948	0.05073482813057944	0.40585107796606396	0.017021944942988677	0.04283362814470829
14	14	0.2284840541129574	0.022224675761776693	0.36415428680900214	0.028475646650805198	0.3361636534581271	0.011154326380971295	0.009343356826360182
15	15	0.15189071399340126	0.009035899790498316	0.1528637772531061	0.4457773204270117	0.00260449503276209	0.18385567124914295	0.05397212225407767
16	16	0.00429022944639504	0.11847157280068095	0.44369316240854184	0.39026493574668153	0.04273171461860642	2.078757895397484E-5	5.275974001402851E-4
17	17	0.4339045941284705	0.02772438022359237	0.15232547935158736	0.15726002421095894	0.019209308827777338	0.1566194878441692	0.052956725413444275
18	18	0.03091828386806261	2.742234356928545E-5	0.6488481212757979	0.18785030329585492	0.1307642568413172	3.244667088356887E-4	0.0012671456665623124
19	19	0.20301691084573553	0.0027187478470181393	0.6264999813783706	9.255149687740352E-4	0.13066701757219715	0.013454970422063763	0.022716856965840863
20	20	0.2760945578141146	0.25205018256849554	0.17953137964268867	0.006394255616028057	0.1422302931657918	0.033469061267381015	0.1102302699255002
21	21	0.007830588084797316	0.001131870465696451	0.6488308758986623	0.2302711350827128	0.11146535974771675	1.7343510678972807E-4	2.967356136246214E-4
22	22	0.02070583330567081	0.004962594238514953	0.7872226635802009	0.17094679967339171	0.007942079498399833	0.007943784088902435	2.762456149193217E-4
23	23	0.09354793447651885	0.01812853700088318	0.7230311877286998	0.09951567307473645	0.027811924156786523	9.315330416856637E-4	0.03703321052068952
24	24	0.4522098337305549	2.2690778074688163E-5	0.03530091135251913	0.14931134112272146	0.0013779808613863776	0.04304250450121881	0.31873473765352445
25	25	0.08260964967881236	1.4228736824405546E-5	0.7494832662585096	0.12073062785959546	2.5893440362700902E-5	0.005616649993726263	0.04151968403216924
26	26	0.5214300909042757	4.8386696759943813E-4	0.25783938260396744	0.04448679914578822	0.11803255887262559	0.013520988392075398	0.044206313113668044
27	27	0.08020509131026944	3.865645496943037E-4	0.7368403269844048	0.13746176247088265	0.024987773585680807	0.01979066411026062	3.278169888073864E-4
28	28	0.5143909272527655	0.10633189650590229	0.13434433690046177	0.005115178435835519	0.02912748317339463	0.07997275152090888	0.1307174262107314
29	29	0.5897024534344567	6.2621621976180926E-6	0.21060666340306855	0.07004213236157068	0.05193363871300994	0.04667807393702777	0.031030775988668668
30	30	0.06647187002600168	0.04698218907296554	0.7609530083432023	0.12098709372003962	8.346153907304797E-4	4.3973390048638174E-4	0.00333148954657385
31	31	0.1738388545307636	0.010751852295159833	0.12774495009329526	0.11291935722846785	0.03275216567953018	0.10340227291330505	0.4385905472594782
32	32	0.39489045338399054	0.03219171932586662	0.08248404096187456	0.10092228851831626	0.025882354540435658	0.003476346194757858	0.36015279707475845
33	33	0.06572710121588425	0.0016021052450387605	0.03228516384147067	0.10937488960625635	0.0019739295764219546	0.2963495062604639	0.4926873042544642
34	34	0.19735518560672816	0.09578810108252991	0.26478977302162693	0.006098176661163619	0.19984745952084593	0.04353540822568666	0.1925858958814187
35	35	0.1748710418818672	0.06862727828503962	0.22764859395861284	0.04471060770950609	0.2544408849716643	0.024715633104262065	0.20498596008904793
36	36	0.44981368129086197	0.0016383117282965476	0.38245661013084725	0.02352184081172774	0.13045255973274655	0.006831050970483289	0.005285945335036557
37	37	0.10874051534917746	0.0010823710904946072	0.1815092553708064	0.00347456976567915	0.6891099492441743	0.00556871817267361	0.0105146210069945
38	38	0.040167931732719646	1.014256575143292E-4	0.15878758672985865	0.3855929751576854	1.8457430526020924E-4	0.3467468165051883	0.06841868991177352
39	39	0.11573081342339968	0.014775640887681813	0.34342701580092583	0.02872684225682008	0.3340013427700604	0.018728907935183066	0.14460943692592904
40	40	0.029922714095105652	3.6881992567830417E-6	0.12123374418741986	0.7332680496012716	0.010761461379953563	0.06281589012318539	0.04199445241380718
41	41	0.2939405675367145	0.19940270031544174	0.007345002073444321	0.06624443658529654	0.012715341131229206	0.29775803591347805	0.12259391644439549
42	42	0.3756532811424085	0.04335150766795848	0.1835469527669273	0.1585826550417462	0.08922970722908848	0.04492780802120365	0.10470808813066738
43	43	0.053565836025624945	2.1714301075871333E-4	0.18443644305000678	0.6110072588136729	0.02421802440913797	0.051051129521707574	0.07550416516909106
44	44	0.08832247953512465	1.6465740521446774E-5	0.008399268414699117	0.2546539946110251	2.9964337346411076E-5	0.04691544494658672	0.6016623824146965
45	45	0.0881677308141095	0.058968517606428156	0.6296173153494211	0.17227881467026265	1.458945854669539E-4	0.012764171367551145	0.0380575556067605
46	46	0.16667807436181234	0.014235263032085907	0.3056397957712392	8.1538551595759E-4	0.4555222126150825	0.014789499213335793	0.042319769490486644
47	47	0.04897175263471081	0.15015134520932408	0.2770615034595527	0.24900418554319473	1.785615602472E-5	0.23291495386549643	0.04187840313169649
48	48	0.22210191072056903	8.11281894053987E-5	0.10501323403840852	0.011507625082558204	0.05536599867035505	0.5873830332690478	0.01854707002965596
49	49	0.17353712617458056	0.006361069411375591	0.07798657840461061	0.012381667815167054	0.022908620616823097	0.6407601700437537	0.06606476753368931
50	50	0.05978677254850204	2.0973622454573345E-5	0.15494718433272214	0.6169867679176426	0.012805336959329429	0.09723746551320189	0.05821549910614729
51	51	0.0019814071833067367	0.12390861659758004	0.6794894276144666	0.1826198701840737	0.001756840856507513	0.002527229365389409	0.00771660819867595
52	52	0.19745886018075282	5.57751918882254E-6	0.04933712573751669	0.03626346918024011	0.01641103852548892	0.6680394122911287	0.032484516565683935
53	53	0.19521257097803651	0.011249607807070726	0.07212657871036256	0.027493251821709138	0.026363836669978213	0.6408345932405954	0.02671956077224729
54	54	0.07432695696722796	0.0057888620470232105	0.2975140434506188	0.502486979947046	0.0907709031722356	0.010088982896639388	0.019023271519208854
55	55	0.11065608799083812	0.19902332567231718	0.008722790024691838	0.014884207244386778	1.388320413822961E-5	0.07019892100435735	0.5965007848592705
56	56	0.07086391973105506	8.052383190186137E-6	0.021105353274994118	0.08441295848882119	0.02804123666551017	0.0383995917767397	0.7571688876796896
57	57	0.0885156225777899	1.7080112629133754E-5	0.041580890272704944	0.14626607095398605	0.010092784554333843	0.06183002121559305	0.651697530312963
58	58	0.10025983091952234	0.008433286033325263	0.16219050858678344	0.027345603160771368	0.6714144191398408	0.02238988322723814	0.00796646893251862
59	59	0.11148812888324966	0.0032018813044636415	0.29629928720240356	1.555005468230437E-4	0.5710270944791437	0.008861347644981695	0.008966759938934702
60	60	0.4174987944929682	0.0015902246415648155	0.24069252869134988	0.07056760097910887	0.08553665263015445	0.16235380604133026	0.021760392523523412
61	61	0.54274847703024	0.01249643626036507	0.12607206591316195	0.11768468433496349	0.0055386222812807435	0.00241955725512859	0.19304015692486018
62	62	0.17312608338037222	0.0040094171803369315	0.3548044606401135	0.3418185361458986	0.09659266500720416	0.02954667547601591	1.0216217005869261E-4
63	63	0.05162144084792463	0.007276510373832	0.07329510918187732	0.03996054948804405	0.05057726870815961	0.10117837165047786	0.6760907497496845
64	64	0.05152335793557495	1.1181241093008952E-5	0.08194516906418814	2.356635516473714E-5	0.07560322731021052	0.31646064707489635	0.4744328510188722
65	65	0.033319918826243966	0.3503241422606317	0.4317219991548771	0.09612799295185105	0.010033972299425032	0.03632684395566372	0.04214513055130745
66	66	0.1330391823224031	0.004699523721119798	0.14782286102812073	0.007885725876474176	0.059056666253272896	0.0707458339051273	0.5767502068934821
67	67	0.1668009845087015	1.4436817975196407E-4	0.05854847958596527	9.991330052048271E-6	0.04133843040567572	0.7013362899655597	0.03182145602429379
68	68	0.16102697107602504	0.0019283271471166004	0.5080953963136152	0.17256385782233183	0.15561825150280448	3.1262093903921954E-4	4.545751990675443E-4
69	69	0.11876923893658191	6.6019035600051E-6	0.182817552659948	3.704161125058773E-4	0.664498373085332	0.01816246311752659	0.015375354184545572
70	70	0.03534743077599686	4.222964430140821E-4	0.32589193457975124	0.05170431733015763	0.27042414488273087	0.15177328461747996	0.16443659137086922
71	71	0.09850770603740276	0.07230462490348367	0.29133388134489524	1.648434525613936E-5	0.12345248255542217	0.06259875280215414	0.35178606801138584
72	72	1.658865460934231E-4	0.2339589866862755	0.42741564897207657	0.335703329374885	9.127397001378694E-5	5.934567940417859E-4	0.002071417656613958
73	73	0.10532671556053619	0.03346624330578101	0.6892098781947925	0.08335331805519713	0.04298271265739667	0.022102462385833462	0.023558669840462915
74	74	0.06122805793669207	0.011722183135871573	0.6707017411714119	0.22599064911526956	0.025906140217002355	9.903132178216674E-4	0.003460915205930829
75	75	0.084953529124606	0.015335202467654062	0.16126913976232127	0.6551643250676009	0.0506761183156463	0.031223191813440215	0.0013784934487311572
76	76	0.07025925387754589	0.07204998118438506	0.609628381547586	0.12689001348631024	0.07859298027308687	8.612991264842782E-5	0.04249325971843743
77	77	0.01625995167071828	0.5235462169890299	0.21122028188842173	0.08399474339475782	0.05610761532129106	0.07675758879274666	0.032113601943034545
78	78	0.4422849188070524	0.015004479340333752	0.18323899916369946	0.19875645945510248	0.050293676932325046	0.04058958477592184	0.069831881525565
79	79	0.13097079507271459	0.008734694920408601	0.25639497592954213	7.337226474665038E-4	0.5545071492321267	0.023862387470037043	0.024796274727704286
80	80	0.08299177502192318	1.1586881181353477E-4	0.13287482858822647	0.037267677248066795	0.6908780226398398	0.018423910156683702	0.037447917533446444
81	81	0.10567061965528278	0.36557231789367944	0.4100272117201065	0.009241489896823387	0.05565859116140619	0.012352298925834377	0.04147747074686735
82	82	0.1693482043816168	3.290121398987301E-5	0.07286813788828908	0.009824389761689107	0.024145435747062603	0.7231956463673507	5.852846400019328E-4
83	83	1.0995915342724466E-4	0.08929551047385263	0.21580855486399184	0.6583114438927637	0.004688835949180989	0.0019978615213015753	0.029787834145481796
84	84	0.13861717346434993	0.011063027306608263	0.2910081322120656	0.008761527648948131	0.4881522505599352	0.014484222069456357	0.04791366673863642
85	85	0.10480512811032368	9.78184177953652E-4	0.16996910728715844	0.012744483926463145	0.6748325440374578	0.022991758811132103	0.013678793649511058
86	86	0.14520624300834029	6.95017469440321E-4	0.03361268995420343	0.02367205145694171	0.008558783877244049	0.766679393086681	0.02157582114714931
87	87	0.010684946115363771	0.15095875304998746	0.1888664118056401	0.6366094987911717	5.607293835994683E-4	0.0038173735871438485	0.00850228726709364
88	88	0.05337820656557156	0.2706495993272939	0.22435482736902307	0.018527383940649945	0.16849186199845223	0.16391000192665958	0.10068811887234982
89	89	0.09234947103110853	0.0057852078995973485	0.03436415750288398	0.008526242840084994	0.008017124403709053	0.834227996601884	0.016729799720732155
90	90	0.03542408357730147	0.12199214543154856	0.09843808601638918	0.5005481714332267	0.10956169562185696	0.1335311170237172	5.047008959598271E-4
91	91	0.11300647929488147	9.642192272128802E-4	0.03922127210446236	0.021838424287852518	0.011700263717689435	0.8132557093226731	1.3632045228212415E-5
92	92	0.15822627614726859	0.002597759149742353	0.29637295270082636	0.041587152467180526	0.42886826956518187	0.012906515420136237	0.05944107454966405
93	93	0.16771574542887246	7.300603787270864E-6	0.07095841195527414	0.006645638566736169	0.021194250628439815	0.7334638555523781	1.4797264511930162E-5
94	94	0.07558603791864342	0.10156951837384388	0.17815901553126134	0.10554201018381207	0.5202967906133363	0.00835300065913871	0.010493626719964178
95	95	0.0013071761053962839	3.952268726793743E-4	0.6362117357677894	0.3190254029455922	7.192334487420468E-4	0.0027362066656254442	0.039605018194175313
96	96	0.22190021135422494	0.2474121694140676	0.22684610842977201	0.04511874135064573	0.14127722980757887	0.07257250361242043	0.04487303603129035
97	97	0.10085668003254643	0.07969296812402665	0.06383018124045087	0.06665596579980254	4.4256980297120684E-5	0.5528779438007069	0.13604200402216943
98	98	0.23773497228918944	2.274232335371451E-4	0.06306511582320531	0.058588523953048845	0.02016418287988751	0.5446381178649834	0.0755816639561484
99	99	0.1107738112870399	3.435973720393505E-5	0.05917122802199156	0.010060093698730881	0.01625268366582112	0.7892237256199146	0.014484097969298006
100	100	0.10811204091745971	0.024098467139073154	0.02636514858541267	0.03803777537070564	0.02281291634288745	0.5867738914467111	0.19379976019775016
101	101	0.3820468496297102	0.030850789046125173	0.09962306849655607	0.0038343043524577663	0.02024829940800324	0.3567884408180754	0.10660824824907211
102	102	0.15535234067147438	0.017905406886765677	0.03171519310783508	2.3248602755297554E-4	0.07723581442010474	0.568088273694748	0.14947048519151912
103	103	0.16253445741790945	1.4409340584205018E-4	0.028934148388033838	0.047418099630788066	0.008843548378082293	0.7062863699903402	0.04583928278900414
104	104	0.00590434861327657	0.35215639805468096	0.3296045530295749	0.2546363980772638	0.04113258253600943	0.012631139025855675	0.003934580663338667
105	105	0.10861453134994131	0.0032758279048604715	0.03580896976072991	0.01809297271347049	0.006361471493753208	0.7908074516693004	0.0370387751079442
106	106	0.3521594881638642	0.020299000185881762	0.07242761777532754	0.009309249873311994	0.05090661330318929	0.3197813210539201	0.1751167096445051
107	107	0.2222200404438292	0.06887463125764846	0.02878162162806284	0.06919080543764493	1.6475633896652063E-4	0.5151731013691404	0.09559504352470762
108	108	0.13869297161197391	7.490673261407241E-6	0.0815575954061096	0.041127175858242916	0.02200344370457794	0.6847145897956182	0.03189673295021595
