0	0	0.032922779813445845	0.1576444372652783	0.019230845932595907	0.0047231064756218764	0.10590575550328393	0.021384367665425806	0.6581887073443483
1	1	0.0638578967435765	0.3507710311669935	2.3669552196979636E-5	0.1331078225869558	0.43884130350808725	0.008289902026942226	0.005108374415247663
2	2	3.3801791222610246E-4	0.18636124024586648	0.03564955187550476	9.40421756030485E-4	0.27475151129359915	0.22440050979509024	0.27755874712168277
3	3	0.023527385915771797	0.10949180317813842	3.9984455042539546E-5	0.11730075480493275	0.20547323271474763	0.07874423548372354	0.4654226034476433
4	4	0.2704090926545481	0.41783539582328383	0.018222053075079885	0.11514444418168449	0.06828292870714187	0.03674832155005347	0.0733577640082084
5	5	0.12178572587353118	0.06652153387871046	7.0086377160771614E-6	0.2962535141599216	0.052578581387528134	0.021699999356283164	0.44115363670630947
6	6	0.08888192735899177	0.26763154943186657	0.035948812538002854	0.02897312775017712	0.526069445453189	0.04451549098233173	0.007979646485441015
7	7	0.06958700487078606	0.139139064320919	6.333519935325211E-4	0.1352995473783849	0.5881256238862399	0.05365931950669594	0.013556088043441739
8	8	0.1144463104424556	0.7109229847995931	0.003986641812719106	0.015104302449634283	0.08054589833069227	0.008880350351025771	0.06611351181387974
9	9	0.17713907045155702	0.4531902164361297	0.004902788481379171	4.703052711664214E-5	0.35269193823737305	0.0017200622862637632	0.010308893580180611
10	10	0.028856525154779815	0.2306520214902734	4.1368831092487385E-4	0.10374053596920162	0.5941362314723055	0.024749284938473688	0.017451712664041073
11	11	0.10365259432705815	0.04812595222367664	0.029036493987272493	0.16108740609627584	0.468410887351804	0.17350047679099148	0.01618618922292146
12	12	0.08839715230783066	0.7420434476618718	9.84933463735756E-6	0.011470315981987013	0.1280635622173143	0.002167596257052918	0.027848076239305956
13	13	0.08119804870540759	0.6396835507140641	5.426933083019801E-5	0.05589970327648985	0.172548455073519	0.04989707537609406	7.188975235950287E-4
14	14	0.10519950303625956	0.6692692463472715	1.6014328836618213E-5	0.04621801647033166	0.1008413352962444	0.0701584394279629	0.00829744509309326
15	15	0.07989785358939175	0.6209271785739191	4.467876335226856E-4	0.030680313044802045	0.2134136931011133	0.006117574843799809	0.04851659921345114
16	16	0.09790452801768873	0.7279309884001373	0.0014532930407509391	0.04457365611379075	0.0892432490206797	0.0375207546032192	0.0013735308037333208
17	17	0.03941938703218414	0.006656390779565173	0.10249368241912964	0.0470249033871087	0.05335771405026995	0.07484554859264939	0.676202373739093
18	18	0.06725224244017854	0.06013230148644744	0.04254624955649663	0.13882077151638067	0.48567332171218025	0.13521688949394836	0.07035822379436805
19	19	0.10414702451681847	0.08326930375871001	0.09001058787282536	0.09152313575739915	0.5084676753859813	0.09351947171592705	0.0290628009923387
20	20	0.01695410971483752	0.0738931659066101	0.027722436916357788	0.4255305040582685	0.379750473621294	0.026034188692115243	0.05011512109051687
21	21	0.09762144759000536	0.03275840078777912	0.0050512327780591	0.5321935583422915	0.07098694685381993	0.06293774365099666	0.19845066999704822
22	22	0.09703071397333346	0.10427356234887208	0.07243868994157174	0.5445453831712297	0.0737679010229722	0.019125060581930385	0.08881868896009036
23	23	0.0073722996342244235	0.037817651301226114	0.051901205712467584	0.0031814764148762305	0.04486837480603026	0.8449947317981606	0.009864260333014793
24	24	0.050834439429145985	0.03655929342773762	0.5655238364355788	0.0038450307311520653	0.1561037438980753	0.151581606110907	0.0355520499674033
25	25	0.03797568115395771	0.14068733012305046	0.0069685935307420115	0.45775666408421695	0.35048768917364015	0.006094327163938045	2.9714770454659436E-5
26	26	0.11377948836937261	0.029787880720035003	0.008157035939953709	0.5802277807971997	0.052296722683218624	0.019231542505517563	0.1965195489847029
27	27	0.047281738776824934	0.026429450615564263	0.6474730901409447	0.006781452548111912	0.053897054796070716	0.20020318278732507	0.01793403033515849
28	28	0.02453452809397552	0.03905060549016752	0.26563498481124576	0.003374321950480539	0.1517333554229958	0.5079006955053013	0.007771508725833675
29	29	0.039078318908146954	0.03969918139960366	9.139556228337149E-5	0.03540381758468663	0.8612900728596651	0.017793125363381457	0.00664408832223298
30	30	0.0803872728371996	0.034055292780827154	0.004495336975339054	0.45479738840073786	0.1808315403731061	0.01300248801976013	0.23243068061303007
31	31	0.17872577857747932	0.1712102088657767	0.0019904333916818183	0.018958051513296333	0.014436654667514565	0.0016039441437997856	0.6130749288404514
32	32	0.08841468041475177	0.11354899210098095	0.15965169709755975	0.028684471636879955	0.5210088806071067	0.0881876247704264	5.036533722944608E-4
33	33	0.010900528074738767	0.03683799926338112	0.030743629385019802	0.021056364504325034	0.054815103174842804	0.8159012426157563	0.029745132981936193
34	34	0.3156291356580635	0.26771776501272604	0.009347607862553587	0.005439411305854827	0.014062631737610432	0.008035662227074762	0.3797677861961169
35	35	0.010021089566330986	0.011224789315524368	0.016115786312430106	0.2737842575612649	0.07779318668157206	0.10665351030820316	0.5044073802546744
36	36	0.11027189817045081	0.10570794597876594	0.08512955892556678	0.4020481060909784	0.17177090096267866	0.02435015617491138	0.10072143369664803
37	37	0.5812014389861581	7.578892280610257E-5	0.08930399539950333	0.032454946074682474	0.07719768568353391	0.06125519907748269	0.1585109458558335
38	38	0.6369957048379837	0.0695815074338311	9.615132176797948E-6	0.00558600312804534	0.04076417192164749	0.0011471505957930906	0.24591584695052243
39	39	0.6666577595979329	0.03897365708686837	0.0016904156927347639	0.07259990901846539	0.07787491298115247	0.056259756372709746	0.08594358925013629
40	40	0.0050337612136696	0.03772093887193379	0.11578998046081283	1.0638694069877735E-5	0.10620427206900039	0.7107495670862942	0.024490841604219306
41	41	0.018712310736312604	0.010579775203807339	0.5596461080723233	0.006973109367243186	0.11864800698938921	0.20617470317830047	0.07926598645262398
42	42	0.02557011978660311	0.008968818950448687	0.1962003391969304	0.02883080310954174	0.020785269047074117	0.4472374981156198	0.2724071517937822
43	43	0.13111404969493792	0.015280150948234223	0.1427504995995696	0.06113273102329887	0.0030893802076590194	0.03019568430694568	0.6164375042193546
44	44	0.12424996300211966	0.6406823771482063	1.4034509859861838E-5	0.04515937692468223	0.05961835323612306	0.13007543632224736	2.0045885676150176E-4
45	45	0.17729282273002359	0.28591244477016736	0.03970855073844518	0.035186705491439485	0.12301424008875238	0.02910621454465038	0.3097790216365216
46	46	0.029159856614288347	0.13761967729275845	7.677773253344895E-4	0.4409784248062829	0.35254979456564056	0.027729980427765245	0.011194488967929931
47	47	0.054392769641747024	0.05999648565968141	8.088820662729636E-6	0.44115092535641537	0.27152106759486855	1.4102220738577487E-5	0.17291656070588632
48	48	0.7526548342918864	0.01866724618602572	0.027173188428983235	0.047301159399931715	0.03246208719111774	0.0065827942638683554	0.11515869023818687
49	49	0.6392137045828115	0.02902161682946544	0.18816741140876145	0.06372069547150436	0.010241480802458321	0.025160952007835875	0.044474138897163014
50	50	0.7374118867194629	0.03821917121073011	0.0019958216210985806	0.009306143425596698	0.019007337799780605	2.3818198853025623E-4	0.19382145723480082
51	51	0.04542364759186795	0.03549763039296612	0.5086344332531874	0.03126875376254184	0.1237578963936988	0.1099379033455631	0.14547973526017485
52	52	0.008150269990421309	0.025105287888273514	0.036010539728925955	0.00407779983172986	0.06670618531633209	0.8506679179638915	0.009281999280425826
53	53	7.19314216498253E-4	0.004564628872598728	0.5271635518473827	4.470084507843655E-4	0.04993492176745322	0.3343147653983621	0.08285580944692071
54	54	0.07975460768743024	0.037041992612520024	6.243835502223771E-5	0.4802943666695388	0.13553721546573794	0.027403320232422958	0.23990605897732775
55	55	0.09084681690023108	0.05633059781959381	0.0775870230068373	0.5858979241279286	0.0971521246179125	0.054108270900474764	0.03807724262702206
56	56	0.12682511871298607	0.06105159165566702	0.06843644575803733	0.5601743155714043	0.15453294176156424	0.013123133152451902	0.01585645338788907
57	57	0.7963029609068668	0.034473783470643296	7.521946387033116E-6	0.009675779132181369	0.0475547707859464	5.500136208645314E-4	0.11143517013711049
58	58	0.7272883844671109	0.11987297078475631	0.021903490962655606	0.0016206094380192377	0.11097764098145685	0.015301429764159793	0.003035473601841201
59	59	0.012853349334942702	0.014078907915127866	0.020484233806286885	0.005492621581192349	0.010841261978901688	0.8216003490548284	0.11464927632872007
60	60	0.030437246460510613	0.019560639140619118	0.7072872360972037	0.008486223540404457	0.032734064948280336	0.12072597318998436	0.08076861662299746
61	61	0.07845730968664928	0.03904748576821832	0.23403428559755704	0.05409593816817622	0.04785657731556506	0.05051718976386485	0.4959912136999691
62	62	0.07732929845597228	0.05964997304432811	2.8207918636130087E-4	0.034423130426578775	0.7803214996890959	0.029539153107654904	0.01845486609000869
63	63	0.047577684013647356	0.06280863548491034	5.847556476063197E-4	0.040108415767750594	0.8216533114956541	0.02711787771563867	1.4931987479259066E-4
64	64	0.081221456912338	0.0739688124152739	1.556973941840152E-4	0.6364829288225984	0.09947723765295763	0.03223275385485236	0.07646111294779587
65	65	0.04691978004551045	0.05495691164984611	2.1508499678479618E-5	0.4816433601821655	0.20678079758479065	9.405740053955097E-4	0.20873706803261324
66	66	0.10465264182876156	0.06053789977505822	0.077839833325536	0.6455635709252429	0.0457342845321377	0.059441163396101684	0.006230606217161869
67	67	0.7457925246057617	0.16312326321684614	0.007442773686870491	2.498502819026545E-4	0.08235187757216891	2.51296378515998E-4	7.884142579341437E-4
68	68	0.7454649470039693	0.08722128688082632	0.005175872488826945	0.0028250046445299467	0.13318407749626301	0.02268118257053656	0.0034476289150479145
69	69	0.6751616996327274	0.09979005603199265	2.9733171000176947E-4	0.03442783866495331	0.15698779982615582	0.03299863866854878	3.3663546562032285E-4
70	70	0.019900935768531067	0.011996460843714965	0.5645330137560449	0.0032227377288578923	0.0744095635610157	0.19047888807533433	0.1354584002665011
71	71	0.002732597692383688	0.020588911604314537	0.2527772511145974	0.0012874532033088021	0.0954872545465038	0.6020293976091835	0.025097134229708204
72	72	8.776455648423012E-5	0.0011180244712102353	0.2957534832625032	1.8432319204682722E-4	0.13167001049210444	0.49492656172799404	0.07625983229765698
73	73	0.007709688294367163	0.01358381243986522	0.25408631148205446	0.002078495402395307	0.034107289948865575	0.6772816491648648	0.011152753267587622
74	74	0.05830193143171481	0.0654924643519407	0.10334829637703169	0.005355587941213716	0.6523258775337875	0.11516258784442472	1.3254519886878804E-5
75	75	2.932097492574025E-5	2.931536314061186E-4	0.08659599907955358	0.025888803272023884	0.2617955196021464	0.08259294430990924	0.5428042591300349
76	76	0.07986339778779548	0.5441825998175337	0.011260356881235993	0.018417475426166736	0.1447386240694385	0.11544893761875427	0.08608860839907521
77	77	0.09575489742880954	0.07517474859181113	0.04763449152747728	0.56709621893917	0.12072248345479279	0.010710557312139381	0.08290660274580007
78	78	0.05842860751964953	0.045626355095461944	0.02794197012158076	0.5419999592013881	0.11506033426147218	0.15027918968525464	0.06066358411519296
79	79	0.4873906586875258	0.14274677847245787	1.6139124809013113E-5	0.04230910042669971	0.32748195597037333	2.8137290969107798E-5	2.7230027165160128E-5
80	80	0.729591724311985	0.055061214862719345	0.019280616570875365	2.2974401408966112E-4	0.07624260008242047	2.312542408165649E-4	0.11936284591709351
81	81	0.04719565356363841	0.031738714501004704	0.4187542087091677	0.0023980563548507425	0.36527691642268334	0.01852856966767513	0.11610788078098001
82	82	0.0011301832601132934	0.03428338680225033	0.1595589829364832	1.280051956949958E-4	0.1870988180499698	0.5932536570645115	0.024546966690976963
83	83	0.023263651753892008	0.006897042171382669	0.13772256003533537	0.021921927661237465	0.03272663742894102	0.7231837031990992	0.05428447775011231
84	84	0.03626313204468182	0.052815455121189424	0.0012638302852387166	0.03650847914914245	0.8305017772337175	0.04062454535677435	0.0020227808092556712
85	85	0.033212152461247584	0.010563121586657858	6.157865301881517E-6	0.026019592716799867	0.8853970261631259	0.02837364786714103	0.016428301339725965
86	86	0.048694411005835936	0.03445705444471116	0.10744800724981797	0.44622529144764533	0.2315091360267974	0.08331466062611279	0.04835143919907934
87	87	0.05322942224841623	0.058298507296298305	0.016184705506981596	0.5982332587509354	0.18648622817280094	0.03849779600023343	0.0490700820243341
88	88	0.8263626615702211	0.052118227315874274	8.427625878873989E-5	0.013673141523629619	0.059332262747888	0.014090816176834945	0.03433861440676334
89	89	0.681952317325103	0.015614766163769795	0.011634090083451535	0.01758292282645128	0.02053914532867604	0.0066140546693668634	0.24606270360318158
90	90	0.08928199692946037	0.09325201236735593	0.16514036069312912	6.699273101260341E-5	0.407981056634124	0.022909962349541357	0.2213676182953766
91	91	0.025594840395738103	0.0525842268462565	0.033635906514776	0.02367844900904397	0.08053420400442528	0.7337563479766345	0.050216025253125754
92	92	0.04410347129101645	0.06268408035852636	0.025288942154328295	1.3576640704585969E-5	0.35668813520108433	0.46038757392774826	0.050834220426591664
93	93	0.09586365322869957	0.8263880768138846	0.0019282887285512846	3.199245071079882E-4	8.7530305317266E-4	0.05440088020649396	0.020223873462089932
94	94	0.08151558824409408	0.5514052862359436	7.120530276715955E-6	0.08512747694639478	0.22096029502857087	0.04922273249653226	0.011761500518187796
95	95	0.0973910281866355	0.6490329892132625	0.0010957895259594795	0.02894539718752954	0.17838732804060106	0.024562469927217268	0.020584997918794656
96	96	0.10059567361890348	0.03317845150068485	0.009892393295750371	0.5642627348914867	0.05850117120720261	0.01340340293480698	0.2201661725511652
97	97	0.6958851103443563	0.06985104607287033	0.06797463483565394	0.0120978386417281	0.044068410596467864	0.10978224293227493	3.4071657664861094E-4
98	98	0.6765786108609222	0.10993565552473211	3.9712331830987253E-4	0.00578376270201284	0.19408939820732918	1.5103865400770532E-4	0.013064410732686197
99	99	0.8216728144504409	0.07175061383101479	2.913869143844782E-4	0.014762408851106032	0.04533557250312616	0.012783382233860786	0.03340382121606678
100	100	0.04404392943895512	0.06287263571555106	0.37057982449575094	0.027559866701640054	0.381325010060767	0.025692516607165813	0.08792621698017007
101	101	0.02619624494873203	0.07326215046805742	0.41193609360061817	0.01193715521645099	0.4138414619418472	0.05891728022754662	0.003909613596747714
102	102	0.007145080784084257	1.5053574228086574E-4	0.020772991593614416	1.1838561621984842E-4	0.1636310634685701	0.572094045514466	0.23608789728076462
103	103	0.058954613847531874	0.5370851536970342	0.005034273271701246	0.008251461945607835	0.2692333794424005	0.12016413863901916	0.0012769791567051364
104	104	0.039079278373156216	0.06490270722052749	0.0042648704994033984	0.03657798356117738	0.8439935366298728	0.01082910631741383	3.525173984490101E-4
105	105	0.0843545685896489	0.41534703726483807	6.1655169488618295E-6	0.004513851939998959	0.14819693931906058	0.26613019925043285	0.08145123811907183
106	106	0.13110202871152835	0.11703619230779894	0.016479671620889653	0.47336054984290543	0.13130977489086482	0.007911080241461733	0.12280070238455106
107	107	0.19982236280193047	0.6022179513540471	0.1230743998323252	8.804661606150811E-4	0.007276923970604076	1.4801677250701555E-4	0.066579879107971
108	108	0.07542990300117074	0.10051505433568772	0.03697683354273024	0.06557803519689297	0.6787982970377414	0.042501137281388886	2.0073960438801887E-4
109	109	0.08874995452993006	0.642134773272534	0.011688141759759352	0.024578133939542324	0.0953940277259035	0.07142101054541353	0.06603395822691718
110	110	0.1874980535557015	0.07405205782485925	1.7675457244496022E-4	0.1383272989176212	0.40653382512904945	0.15091528715589855	0.04249672284442508
