0	0	0.4103276743277083	0.5835192829168122	2.959701753591906E-4	0.005756379543227953	1.0069303689250115E-4
1	1	0.0038164958832907817	0.4635297260218531	0.03004777498642981	0.5025449836262863	6.101948213990932E-5
2	2	0.06582822749591243	0.5575543900910988	0.10909036114705487	0.26751958631808587	7.434947848156577E-6
3	3	0.009919097250787807	0.9758043234175803	0.007213118688156142	0.006972939439435538	9.052120404032356E-5
4	4	6.007395549419323E-5	0.6602246150932003	0.032726072590994276	0.0018513678204073244	0.30513787053990393
5	5	3.8087736364692296E-4	0.5158161658174161	0.48017854051174647	0.0033965902395269865	2.278260676635475E-4
6	6	0.01794564899918892	0.5956817155769973	0.3416355813242462	0.005187150265249136	0.03954990383431837
7	7	0.278397729876366	0.7147587606154211	0.005400962793904255	0.0011585704731125206	2.839762411960588E-4
8	8	0.3712653538818971	0.44576822647300157	0.07353004798278047	0.07152142142786494	0.037914950234456
9	9	0.046681850109194935	0.47595140060253555	0.03715692277906931	0.4037017864536222	0.036508040055578034
10	10	5.553185293592404E-4	0.8009694296232772	0.005436534595766623	0.1929845957686117	5.412148298506488E-5
11	11	5.858094993335964E-4	0.6898648143971664	9.741665795395567E-6	0.30953553321479893	4.1012229055565525E-6
12	12	0.4725817389196087	0.4141743927595846	0.056825917484400794	0.056414530816194575	3.4200202112858703E-6
13	13	8.799963739487815E-4	0.7204546817473692	0.01891704908010203	0.25974422146924525	4.0513293347203934E-6
14	14	0.29718388214389135	0.6735643644690033	0.008404484007599026	4.2768766231005085E-5	0.020804500613275417
15	15	0.6702405649800771	0.31969320204300217	1.681987727478742E-4	0.00989378271362648	4.25149054633303E-6
16	16	0.020560533383897423	0.9439275400226774	0.007073259647928218	0.02676478643995156	0.0016738805055452738
17	17	0.4163688748126572	0.5696100031903668	5.362947203492652E-4	0.013259048211996407	2.2577906463030554E-4
18	18	0.009447212712193606	0.5203466240418223	0.05920910105081984	0.026592021542588058	0.3844050406525762
19	19	0.0023995511722048443	0.5340975613119695	0.0015329459419639302	4.0842386217742303E-4	0.4615615177116843
20	20	0.3447353081898355	0.6549273393582047	6.797634486765251E-6	3.2769302618942524E-4	2.861791283570797E-6
