0	0	0.008660501240271668	0.0074910811361933475	1.564629459324761E-5	2.2926602832515416E-5	3.7879769180747643E-4	0.2838635130495927	0.013274469862058243	2.7289000101066315E-4	0.006095942051074762	1.4370677182320207E-4	2.1209458790622223E-5	0.0011152204855524993	1.772360534383868E-5	0.4838446621039849	3.7486786722233564E-4	0.19440684177784798
1	1	6.885253712702722E-6	0.005346496031045032	0.007527151451190914	0.0051551428990717916	0.006461813082182666	0.27760328109529614	0.06455583798973415	0.010475184778859377	0.020846161177617697	0.009072258543942177	0.3455845808586523	0.05495975584471232	0.0017362568012215598	0.003119641256610683	5.117957968058478E-6	0.1875444349781825
2	2	0.0018290001036168689	0.011098577566942562	0.18643862627755017	0.00871390442199592	0.009046444262537246	0.3058981230753903	0.09771603994227325	0.0028998733372558078	0.012332056093388723	0.029148410444128928	0.014784721923587842	0.06257193408312568	0.018638825494262917	0.026949690006767564	1.769339089248206E-5	0.21191607957628367
3	3	0.016698409190358653	0.009896755245988778	1.4716441701450893E-5	2.1564084198097688E-5	2.7339822960155507E-5	0.15690633344812677	0.0033847320844736404	0.004313673874505533	3.193070783148387E-5	2.5517644828815262E-5	1.9948989324681415E-5	0.2736355924191126	1.6670298723295792E-5	0.009258388772593197	0.0017780226228720785	0.5239704043524006
4	4	0.007048301974175169	0.0011322479626378016	0.0046527327205010405	0.0011314034964307665	0.016009584231648815	0.13750083574839903	0.1639495064470254	0.2770464130833117	0.009428167536012425	0.0016214630480174308	9.680134473055135E-4	0.02149435134203453	0.003184267409612149	0.006234348925550902	0.016729880475991294	0.3318684821513461
5	5	2.2435222901262744E-6	9.735128728835384E-6	0.003922120277733635	0.003443102079092854	0.004147293459890421	0.18852123826555267	0.17400377914362766	0.007635985698250586	0.005686661399136286	0.00807598110338102	0.0031723020077382836	0.0778073148322098	0.27276001165248115	0.0016120275899524847	0.00309522369629005	0.24610498014364415
6	6	0.0034855486212488455	1.1095181848301865E-5	0.27995558656079694	9.41883992513926E-5	0.0030121444260753708	0.1836456909166785	0.115207304366944	0.044693390781695076	4.8414337803376307E-4	0.001167682017922717	4.3658004733019076E-4	0.06348358322727649	0.03469474279071934	0.01794169430891637	0.006998344026683125	0.24468828094857967
7	7	7.579054282663246E-5	0.0031194946559733243	4.4418293696240216E-6	0.002058399242536903	7.44419346953598E-5	0.2307050277485055	0.01899219611249921	0.002460311493945359	0.07238842391779081	0.010598105054790894	0.0018262466938833639	0.0036261011191079124	0.010661624700415276	0.18339390621284732	9.66891559628444E-4	0.4590485971811842
8	8	0.0032009056943148673	0.04187211460684245	0.06127616735847127	0.04746149207379588	0.032945075334386995	0.36856461007104707	0.1499586118418367	0.013535242479481771	0.016501683287242313	0.012116256208139362	2.068477581612596E-4	0.0013241781313743616	2.660706484753122E-5	0.1579333534868471	3.773689833476469E-5	0.09303911770487626
9	9	0.0050594395397325735	0.015765172158776677	4.806069726769659E-6	0.3166649475764413	0.002443932272849018	0.2595424366480436	0.07558784541814798	0.016269436282360973	0.001586018491955307	0.02518197450811118	0.005521082066783366	0.021004284506681094	0.0048038337644013135	1.5642647429290592E-5	0.0253245979789522	0.2252245500696074
10	10	0.002182842307931462	3.8713109209492785E-4	8.30173674870052E-6	7.401883896681736E-5	2.0098552405872465E-4	0.1597690145691514	0.028259285327985002	0.012453789463267143	1.8012528843199568E-5	1.439483634109583E-5	1.3496200063293736E-4	0.014508930643933769	0.01262767251482176	0.25134086949151035	0.008858496491717738	0.5091612926319949
11	11	1.4030919155995442E-5	0.0035917114203462995	6.491619967751242E-6	9.512206986342274E-6	0.007750861553568096	0.37513799016034266	0.010489407603617388	0.0019511869568021249	0.3464705587769429	0.0018492215534361626	8.799766958869598E-6	0.0028810785050969825	0.00242572898961605	2.1128724336824886E-5	1.0429485606482207E-5	0.24738186175721918
12	12	0.004284831799325348	0.0050151535303879545	5.1674542890401745E-6	0.004319736285299969	0.002011676284213939	0.3232194896882494	0.039574460428965896	1.2862802119241706E-4	0.007172484979211476	0.3885272709881067	0.004011157427508142	0.026664822948442957	0.005627067809885089	5.173379512303869E-4	8.302071038882548E-6	0.18891241233265252
13	13	0.007306569502603244	6.079204344205348E-5	6.48190105193054E-6	0.0011685802847148786	0.3664752350694251	0.14594736566540023	0.08566916884734858	0.0045562009587092256	0.010107739170235858	7.839608694270027E-4	1.5367188226917794E-4	0.01277725991154648	0.009811247097374453	2.1097091509541628E-5	0.002811529475155893	0.35234310022978643
14	14	0.011057738871396038	0.0017644821199593722	3.6707969226437237E-4	3.7782106827776216E-4	4.2885901052565237E-5	0.158236276818721	0.08855619311559514	0.018118371416267934	0.003146043437334991	0.004855959399971787	0.00329924619142169	0.028649015374881064	2.6149429811812562E-5	0.3512941620093234	0.0077769782436906704	0.3224315969100303
15	15	1.677587063448677E-4	0.46743024803154454	1.5981076650781564E-4	0.0016926679894284766	6.37027270704996E-5	0.28258113710274196	0.006061016764097212	1.738015388619376E-5	0.011028493488086532	0.010770565784216509	6.026582393269418E-5	6.917385523757498E-4	7.752062191638542E-6	0.008027562190481792	1.0994778435238808E-5	0.21122890507865838
16	16	0.009667692069658129	0.010532731453436042	7.756252747864025E-6	0.00804417343809075	2.4556931177718535E-4	0.122514273726567	0.006753850899695697	0.020997463495093023	0.2939944915503103	0.003596428169959346	0.00682973248593286	0.0768934146928268	8.78602673821142E-6	0.010600812386516572	0.0064849397696708205	0.4228278842709795
17	17	0.19490189008240563	0.05387455605778613	0.018972167862207914	0.0058416384083172955	0.0033223967961496475	0.2818651236652232	0.004969946400892071	0.011543741595244381	0.0114117036337479	6.188821104467947E-4	0.016439752178505507	0.0812858791448111	4.0430649947763243E-4	0.051688793217637065	0.02982596269806162	0.23303325964908608
18	18	0.013271859209508173	0.0015988465043831213	0.00690621717220758	0.028560648302144227	0.011781883695662474	0.19006646503966576	0.12178985441290442	0.05505578485526962	0.008501620704076993	1.0936862840132556E-4	5.474631535730009E-4	0.06301387593361908	0.023213722257249624	0.02464429104352978	0.22624018975354984	0.22469790933425504
19	19	0.00824815823932573	6.812573636062667E-6	3.533537339253299E-6	0.007139941804271002	0.0037714031308018234	0.13153217675406578	0.08058515631210053	0.04734589592263038	7.666822638261275E-6	1.377647079344447E-4	3.111745735509064E-5	0.01870746732428863	4.0026743006405434E-6	0.009120830648757553	0.3377617232801661	0.35559634881038876
20	20	0.38473920583656124	9.41742218216447E-4	3.9185112183047E-5	6.794436923857948E-6	0.009302090415384833	0.15767786261599065	0.018478777547758455	0.002188315143919552	2.864466727125825E-4	4.917154682030052E-4	6.285550938129825E-6	0.005823672230917556	5.252497260574359E-6	0.007477511465747203	0.0035313699615266555	0.4090037728257563
