0	0	0.012997481137475467	0.027095172990315452	0.0017866617784606607	0.41171929836407267	0.002378868997270022	0.5328096767064712	0.004958370654263948	0.006254469371670556
1	1	0.0013638600077770843	5.780275942096102E-4	0.42617082586305854	0.038539779859144	0.02460039177946849	0.4301522484892268	0.04532511731955658	0.033269749087559024
2	2	0.020555677514290098	0.008892678574403543	0.02645360713660218	0.0827006488760979	0.20726500128051412	0.473560956824544	0.13144019955926015	0.04913123023428794
3	3	0.02472838700144498	0.0015741280825026637	0.032390958904997526	0.02475023651660987	0.003224576403761953	0.8656037889458277	0.02747713205951873	0.02025079208533654
4	4	0.018923325241672773	0.021410607556059138	0.005893010849515434	0.006795162511401794	0.00725404047108547	0.4884723549003857	0.04318590423071054	0.40806559423916905
5	5	0.0015967607002890783	0.005772321652181021	0.014929197382352672	0.003988122155199155	0.02189044679888477	0.46545089595205363	0.4319737897954593	0.05439846556358035
6	6	0.01652952470955703	0.20057771151222403	0.007089433585854378	0.0015291051455483026	0.02424589593033342	0.4766012899676037	0.16782249778279695	0.10560454136608212
7	7	5.447451825309731E-4	0.010503682215804966	0.005240103338525817	0.09729649033427058	0.02367822706998178	0.8309245565693782	0.022589976816487355	0.009222218473020313
8	8	0.017414048780150182	0.0506621735871639	0.0030327658681871196	0.2900615809966422	0.08866472722044236	0.3958847479561423	0.054893720324054526	0.09938623526721738
9	9	1.9548494165930118E-4	0.05183294075279538	0.0437382741627143	0.01925474005088653	0.3338919915681058	0.4497681561216507	0.03654712537405803	0.06477128702812994
10	10	0.05508763610390851	0.18270717701139333	1.9879490263092995E-5	0.010248311813874712	3.959165754452125E-4	0.7011739404366537	0.01667367843004956	0.033693460138411825
11	11	0.004762804639223897	1.70254021562575E-5	0.011431731973286527	0.31634728935773077	0.0063562891492662124	0.6346653540970322	0.017826667789506017	0.008592837591798116
12	12	0.002289475845123294	1.6757369431839067E-4	0.01641566299721789	0.027710693920078827	0.46970395488301026	0.44531682731890176	0.036176570279990355	0.002219241061359204
13	13	0.34595566348498263	1.699990936483505E-5	4.0193107890017433E-4	0.003219655416035094	0.004849433056206109	0.507842002296896	0.07155926023914323	0.06615505451847183
14	14	0.07751291895267329	0.03172246702071033	5.529476890817516E-5	0.20299028532385416	7.570901617364973E-4	0.5721609401998627	0.038462332656624576	0.07633867091563014
15	15	0.0019102371118297308	1.1994022701213276E-4	0.006390880792175178	0.5433953932898212	0.030566959894180283	0.41561986305447024	2.651857945664578E-5	0.0019702070510544596
16	16	0.02210564443128791	0.012158088459943938	0.2395945562968141	0.023330933156421475	0.012970034187877046	0.6393156660391904	0.00650352059189584	0.044021556836569255
17	17	0.16191362535611106	9.4256989851647E-4	0.02228530329892312	0.16780331126683729	0.009104849621890723	0.6241458749638211	0.0013926431564239149	0.012411822437476338
18	18	0.021534426763403475	0.2703855086192038	0.014390647225569054	0.01846220347597646	0.02085574029593569	0.44824485986248247	0.08731128602321661	0.11881532773421244
19	19	0.013571700128109442	0.3452926202796161	0.004010524866454507	0.002123669427476547	0.0025381447573888344	0.5048144861931817	0.02155111599430986	0.10609773835346309
20	20	0.4338775793531607	0.006542372216653442	8.020551202830376E-5	0.009282499441017222	4.836343957578072E-5	0.5429769507047013	0.0028511807052948885	0.004340848627568314
