0	0	0.4555875204898149	5.082835413787058E-4	0.011029383088896536	4.8536810971979624E-5	0.02456547084822601	0.013619521903127329	0.49464128331758456
1	1	0.04065564705085283	0.004423494759242362	0.0410303679833957	0.46507828567445325	0.03365012965443481	0.07756578833842108	0.3375962865392
2	2	0.10002993760974005	0.0019991878384890242	0.23789494615958243	0.02859553776384543	0.07219593558793305	0.16535981348729759	0.39392464155311246
3	3	0.02421700777175925	0.001136157908320031	0.011580213044052386	0.035911586929243844	0.020034025399159685	0.045056312617333776	0.862064696330131
4	4	0.00515145879980038	0.04782125891015343	0.008589270626312089	0.009851809402192532	0.39076775909536027	0.0762232185227261	0.4615952246434552
5	5	0.004128387212818638	0.008394223222061894	0.032464313637052454	0.020622208497652506	0.053292709012472364	0.5252799033798446	0.3558182550380975
6	6	0.0032073619567345646	0.030633813993040042	0.03591791398069359	0.013225800051956558	0.31568959148107534	0.210331965140055	0.390993553396445
7	7	0.11504188471687643	0.0011041062067437004	0.038611493897642075	0.005706635674386571	0.0052842958791049	0.03666570032060346	0.7975858833046429
8	8	0.33281354052374407	0.043660686361011274	0.10095451245296504	0.01285458547797751	0.10481981110763537	0.10852044068031018	0.29637642339635656
9	9	0.012562754563077282	0.08868435671787377	0.3550291335659285	0.04223772973158771	0.048477673176508244	0.06932533952591208	0.3836830127191124
10	10	0.014154252668186021	0.02031383707015676	0.007026608865735201	3.96937851452165E-4	0.048666296344829454	0.06655359124861371	0.8428884759510267
11	11	0.38896488282076297	1.1409850016152657E-4	0.011976426514803084	0.018934345851792267	0.0069975784152794575	0.0305622363964573	0.5424504315007435
12	12	0.03368439545607889	1.678332235190711E-4	0.525160947229334	0.015803299717020367	0.001449962606885414	0.052012953828463174	0.37172060793869915
13	13	0.020904574601579885	0.01122327510039785	0.016692041692426465	0.003449511166954777	0.2794559220861772	0.08345492978089782	0.5848197455715661
14	14	0.2245274694152469	0.02432485188863246	0.0031972469090030225	0.012805464072414964	0.08030166220828698	0.050555296532788646	0.6042880089736269
15	15	0.5825195908151594	1.8291173357912493E-5	0.04199949489409042	0.009557523656808137	4.414206526025757E-4	8.052969630769347E-4	0.36465838184490473
16	16	0.02547749257645113	0.008864004375480251	0.021419223518401625	0.2593689369164528	0.03702938240358729	0.015535914212371792	0.6323050459972552
17	17	0.270016365778293	0.017034319308256593	0.01226971840415592	0.03861973961502055	0.004436123776481279	0.01819327391223316	0.6394304592055595
18	18	0.023643600879107187	0.30212391133802663	0.025226624811206855	0.01858943989751512	0.10494420252515696	0.1311031559076266	0.3943690646413607
19	19	0.0034700473480875635	0.39903223963713225	0.0062553535140339395	0.0020909852170046704	0.06989562763620444	0.04525482741735448	0.47400091923018267
20	20	0.016473936706615035	0.03017587034694951	0.005099117456075046	0.001292787195457554	0.02192832794402059	0.007663226632445748	0.9173667337184365
