0	0	0.0021943839866517554	4.47952333377014E-6	0.03147564543751346	9.37556762953748E-6	0.45163580309925666	1.9481760822195415E-5	0.0016600809214148578	0.5058801479805133	9.945506356208062E-5	0.007021146659302339
1	1	0.0016128387282048084	2.0602869167331095E-5	8.355215029187433E-5	0.00993747728733827	0.015616437014322282	0.43372792816485806	0.031971383903107324	0.49471194286182063	1.8472618297146866E-6	0.012315989759059748
2	2	0.006957725336015089	4.0270585823605225E-6	0.00345314403257946	8.428566450898143E-6	0.002233060529969348	0.003694965780841108	0.002146169770408586	0.6242722065492713	0.35721084175925005	1.9430616631681756E-5
3	3	8.82300516025479E-7	0.3866145416349109	0.003982965785767005	0.004808563476655861	0.005302114202553865	0.007244769291545134	0.047834706694360386	0.53580497994022	5.935986998658353E-7	0.00840588307477096
4	4	2.602195455639232E-4	0.019609829172031114	0.010979594905275215	3.75898847926838E-6	0.002927551074743633	0.004600026858373828	0.4474225924036563	0.5090818703752864	3.428807431326878E-6	0.005111127869159026
5	5	5.4705216265336374E-5	1.2598011040159505E-6	0.3555923347668651	2.636742700149446E-6	0.0061183913211586725	0.001104780843153998	0.0019752181721008014	0.6289042904013248	2.4051371837481566E-6	0.006243977598143441
6	6	0.03042038961039802	7.099831869300566E-6	0.02438577871678479	0.02825394778929022	0.34813686021643414	6.071855837696293E-4	0.06544871247903315	0.4792076667639583	1.3554575855490577E-5	0.023518804432607014
7	7	0.0017032954720690911	6.459673587900615E-4	7.476628338376073E-6	0.4112384278843847	1.267182742304824E-4	0.019371285668606575	0.022858973093337703	0.5210403568125032	2.756179745446885E-6	0.023004742627994505
8	8	6.832625272872423E-6	2.407831783284545E-6	0.024883309996093818	5.0395517653737205E-6	1.5898177590166696E-5	1.047182912261995E-5	0.029183517513595002	0.6003231028455607	0.3453134909989583	2.5592863025793703E-4
9	9	5.331354973759805E-6	1.8787809137957225E-6	0.0014966488711871209	3.932257118873151E-6	0.32069124435701435	0.005765215860114026	3.150021931500728E-4	0.6685436259291636	3.5868565454354615E-6	0.0031735335398190337
10	10	0.00111722671262752	1.566733272061407E-6	3.99076671853676E-5	0.006679964216676934	0.0029671623349921358	0.00757372357884545	0.005985556241880778	0.5341682838045441	3.478485221474447E-5	0.441431823857761
11	11	5.266499410964143E-6	0.008061593169548926	1.225985931646086E-4	0.004259726984838501	0.0206135451027003	2.717078157746383E-4	0.06057088792456942	0.546181011788546	0.3576073055151493	0.0023063566062974735
12	12	0.0016385842131400484	6.651344815782388E-6	0.38458057436734755	1.3921153770451865E-5	0.024069613797793512	0.0024584920297968126	0.038503488711357635	0.5484139315430503	1.2698351102704074E-5	3.020444878251993E-4
13	13	0.5484659586766264	1.9476153226170026E-6	0.003725246853453518	4.076326388538051E-6	0.0031746981310496274	0.0038026766620564453	4.988230265097061E-5	0.43586154802459043	1.2228721942638456E-4	0.004791678188435102
14	14	0.006425916692261817	2.1090779298127202E-6	4.3891812383978603E-4	0.004198769727852321	0.01345298289673438	0.007798689815962152	0.001166805865246114	0.5144528049489421	0.44584689241603553	0.006216110435196067
15	15	2.9270403698039295E-4	1.0314952967423542E-4	0.1156610096117745	0.22418986652374023	0.05301143311808609	0.00463503399454684	5.486499106704248E-4	0.5213213685491731	0.07973908673416588	4.976979911882788E-4
