0	0	0.01690777323222487	0.43228395213800813	0.006722606807798309	0.5261688216180224	0.0019308770901107929	2.163091044881007E-5	0.010646632340416184	0.002952171520250874	0.0023655343427195293
1	1	0.06812399242486818	0.4347085246506159	0.03350785394577637	0.014972647076280366	0.04504182318873023	0.37881911979546184	6.942459016933213E-6	0.004161388658808022	0.020657707800442154
2	2	0.03849220379314306	0.45254755810942204	0.061528125591977394	0.23554105933080197	0.12184703274117215	0.03949395638521899	1.0608184159005841E-4	0.006017363781996815	0.04442661842467749
3	3	0.4688039719505259	0.4413553724092079	0.012246089274755565	0.036721239569504266	0.026605552458752638	2.3972075438624102E-4	0.010452432667836761	0.0013507195930427597	0.0022249013219879394
4	4	0.11614157945242681	0.3477147851278155	0.42151935461826556	0.0188462487939366	0.04877626863777592	0.001634492226137146	0.011373366822189604	0.03239887251636962	0.001595031805083214
5	5	0.050008442525513244	0.397839310283617	0.07255070582537484	0.014476500309868473	0.4383490498381874	0.010264565494189535	5.640064024071491E-5	0.010737340269047884	0.00571768481396091
6	6	0.055833994260354694	0.33242473629416536	0.1622145603259302	0.0861871722122937	0.16924374583379165	0.15413268807751343	0.01009025889444093	0.02968913269988734	1.8371140162269116E-4
7	7	0.11356058312996155	0.6087404291048342	0.009619931987814662	0.23211304722252857	0.02136701563319207	6.139131239145673E-6	0.005470946546750608	0.0043463139842783985	0.004775593259400768
8	8	0.0012223125418069569	0.44752903503026037	0.07873622015032368	0.2957180535927947	0.046676122704195695	0.015266838480045892	0.004253796920284126	0.0280722328308849	0.08252538774940381
9	9	0.047200908573288014	0.40077455149344726	0.07619747097988702	0.02255432275259856	0.06022169480079995	0.026794811010539238	3.327920408901483E-4	0.11128242811797524	0.25464102023057456
10	10	0.14600428090282477	0.4271117128221129	0.029117260034071297	0.08938377801994887	0.04841423705537539	1.1475053976532968E-5	0.2598583849309012	1.943894147902906E-5	7.943223930993785E-5
11	11	0.030136761387766785	0.8731102000840305	0.020058502001153618	0.01343761142419608	0.014055727486782233	0.009877501073684975	0.009882677073465128	0.0055299656867586295	0.023911053782161986
12	12	0.029264032925772954	0.4867095545997192	0.016004945764175743	0.015548046904748442	0.06016828540269415	0.01101994452040194	4.348315407078771E-4	3.971619569181202E-4	0.3804531963848616
13	13	0.03192713781403729	0.4390589003356686	0.1111756678128842	0.0023078684083173867	0.07006581647191032	1.5386730447191553E-4	0.3332544773666532	0.010062139313953512	0.0019941251721036237
14	14	0.08311806055315188	0.4009340625080887	0.08116728620919614	0.3649735645359005	0.021091306367776796	3.1920043314705154E-5	0.04290176016293913	0.005733177833503092	4.8861786129048846E-5
15	15	0.04763073419265727	0.43902475424386633	0.0032967302108741423	0.06975342811706314	4.8737550732893945E-4	6.214299548958419E-4	0.004706692645897237	6.279946936812623E-4	0.43385086043373583
16	16	0.5834987349609594	0.35320600546308967	0.013678279758275971	0.017038501439405634	0.011014352605683455	0.00290076485381439	1.690544460775478E-5	0.002156793934518888	0.0164896615396448
17	17	0.16895002224598216	0.4150965768860822	0.0017298397411832625	0.2944920328890448	0.014906675691023968	0.00586273203332108	0.07857950196381576	0.019620966577169975	7.616519723768161E-4
18	18	0.0581286898447972	0.34541753843524764	0.12582213315993468	0.053554096694605535	0.09326942372562885	0.008837336092158954	0.01790886503138605	0.29400711708244576	0.003054799933795277
19	19	0.09726177544995557	0.33298611247837384	0.10159735903188916	0.019478242818269174	0.024554037921688723	4.883656916843092E-6	0.01946542538600216	0.4046446875715664	7.47568533807428E-6
20	20	0.05638839875868582	0.41406367185475157	0.009040386800346177	0.014642477175139317	0.0033707965920246005	1.4461725947163346E-4	0.49839004191743647	0.0023949535428293835	0.0015646560993149573
