0	0	0.015241903081543644	8.569680617411575E-7	6.63099091415175E-6	0.04235562030352505	8.568829806623627E-7	1.9074109211047617E-4	1.8792927836287809E-6	8.473467454041659E-7	0.00986908342285895	0.09712383240589256	8.998459772466755E-6	8.470575190308579E-7	1.4362393770350676E-5	2.409865553272254E-5	7.779220644850994E-6	0.00311825693851634	1.6291251950507517E-6	3.7575619498919542E-6	1.780198677399384E-6	0.1496835731585231	0.19233339848644257	1.1254367146494957E-4	1.8516106456702538E-4	1.606108256573967E-5	0.4896955011374422
1	1	0.09945453198034901	1.8519789165989366E-7	2.106564382507785E-5	0.06261305653800013	1.8517950493451098E-7	1.955465255007881E-6	4.061307263103427E-7	1.8311864555942235E-7	0.02180468768298763	0.12217584842261761	0.0012388004450901635	1.8305614134609118E-7	0.009897950259769537	0.032379417758417635	0.0020631074930551213	0.006386976989682138	0.281080741559165	2.0444672041212098E-5	3.8471566970681086E-7	0.1497706299595804	0.10609730017381266	0.09479103532133007	7.495751144213404E-7	0.006227015213733734	0.003973157447593908
2	2	0.016316832125305835	7.704565784290689E-7	5.9615880677414476E-6	0.07434361879730488	7.703800863405258E-7	8.135087587158356E-6	0.0030236750700228443	7.618065402352052E-7	0.006667560374130025	0.1881064183010233	0.3704055011692564	7.615465114524318E-7	9.458778437257388E-5	0.006719039135487924	6.993903260174229E-6	0.0014149870509289348	8.313994754326258E-5	3.378233626661627E-6	1.6004864628518176E-6	0.18896865795046247	0.14114553147249906	6.72909299793143E-4	3.1183674541674605E-6	9.128678253934204E-4	0.0010924218403007351
3	3	0.020762574725831102	5.9516898238039323E-8	4.6052592748099015E-7	0.07397829045937632	0.20220755781172808	3.6656917021012287E-4	1.3051790650804836E-7	5.8848692582648534E-8	0.090782548093257	0.18334325856452055	1.1419276500230523E-4	5.8828605653629326E-8	0.0014205951894915483	0.05269714078720246	0.06619795897906529	0.0021093615925299168	1.1314363134357734E-7	2.609647222330169E-7	1.2363576690478054E-7	0.19846391068657293	0.05282878494652721	0.02058882840235409	2.408903546737451E-7	0.0323111594085544	0.0018257615452710954
4	4	0.021635466845780812	3.437166059757278E-7	2.6595876707906323E-6	0.07506881232326545	3.4368248127383783E-7	3.6292307354615797E-6	7.537552051953438E-7	3.3985764512991686E-7	0.10539903443633664	0.11711229807591234	3.609142732480959E-6	3.397416409147888E-7	5.760533514401779E-6	0.04209443795751514	0.005505112009154494	0.00912108350979873	6.534168631847121E-7	1.5070998533321088E-6	7.140100952128737E-7	0.20425353502440294	0.09142526151410288	0.012943848972818514	0.2811130957222247	0.02758927533763792	0.00671808449600609
5	5	0.01870470651891302	2.4111805937320137E-7	0.0021489619360535632	0.09447821485277541	2.4109412080941554E-7	0.29862784638194173	5.28761163002944E-7	2.384109886813512E-7	0.011262925117218388	0.14227326462030077	2.5318226600845556E-6	2.3832961143409434E-7	0.006087480343174923	0.003943123526470401	2.188775368724259E-6	0.0017464210823635179	4.5837356494771203E-7	1.0572343192017204E-6	5.008798688730224E-7	0.2407983197592601	0.17529840094975244	0.0012330169490128286	9.759079616069898E-7	0.0014103557911569215	0.0019777614639192457
6	6	0.03883019008072873	1.3577578709810929E-6	1.0505969251410727E-5	0.11086322018294938	1.3576230707364134E-6	1.433627736050505E-5	2.977502526366787E-6	1.342514108034773E-6	0.03564320997303222	0.09918537121125887	1.4256925232370876E-5	1.342055865303934E-6	0.004052920558644195	0.0014775259806165653	1.232519452263477E-5	0.0142962255964419	2.5811435164801695E-6	0.40777230650156987	2.820500406092392E-6	0.16014981232579917	0.08019025283841082	0.006943231344542457	5.4954270935554595E-6	0.017585452083920327	0.022939582431261082
7	7	0.060917983104980394	2.7630343858050576E-7	2.0717240099514748E-4	0.14317947287382643	2.762760067593229E-7	1.2007996567575461E-4	6.059211321845045E-7	2.7320133605619424E-7	0.02166437762665814	0.13210371476807917	5.594233285678554E-4	0.2748050019424002	4.630719582398806E-6	0.015561096573363466	2.508174469514841E-6	0.0015033284394055527	5.252621577939506E-7	0.004511969158838805	5.73971234030057E-7	0.10789667300997052	0.1473649962576237	0.035975894306304615	1.118318247214928E-6	0.05143953183538872	0.0021784962603169492
8	8	0.01039324765344191	0.3225778585651573	3.5653172664897347E-6	0.0879826425556867	4.607244567017358E-7	4.865174834176399E-6	1.0104485282827993E-6	4.555970625213583E-7	0.028947706027248842	0.15211062407714515	4.838245808800517E-6	4.554415527648183E-7	7.722298395594515E-6	0.0020156333940735903	4.182691553041982E-6	0.0022139117937056336	8.759396992675442E-7	2.0203466832179153E-6	9.571681162718244E-7	0.24807089965573031	0.13653026275430583	1.1666145619100967E-5	1.8649341754696136E-6	4.97093238810272E-4	0.008615179810942706
9	9	0.0670758990251922	3.5955589610419094E-7	4.0898286555266786E-5	0.026804564059020115	3.59520198853741E-7	1.5626102912261267E-4	7.884900628465667E-7	3.5551910503613144E-7	0.008371637462510404	0.1460267727652101	4.189159940419689E-5	3.5539775506700843E-7	0.33104469034698847	1.011101121711515E-5	3.2639076936760556E-6	1.2370367165434646E-5	6.835278880548454E-7	1.5765506491751741E-6	7.469134023447001E-7	0.26874385088595204	0.14926776516019713	0.001228819958949948	1.5391983124926942E-4	6.928292033718156E-4	3.1922962524273576E-4
10	10	0.13000089235011658	2.998501262476194E-7	0.327120211247042	0.08449673451760138	2.9982035667585025E-7	6.673964072095155E-5	6.575579692928323E-7	2.964836613265654E-7	0.013529571271635015	0.13121909019193836	3.1485295885195478E-6	2.963824620305563E-7	6.407612197283543E-4	0.004077141593025228	0.0057243447377067136	8.685596379763012E-4	5.700252053928846E-7	1.3147577784511048E-6	6.228852882562612E-7	0.1282488343949315	0.14393474208630225	0.0054749203116937345	1.21362176791987E-6	0.020794182613354386	0.0037945542720230524
11	11	0.018591972165094187	3.5518305537493617E-7	2.7483120062451514E-6	0.04312101245504306	3.551477922666944E-7	3.750302542475643E-6	7.789006179263561E-7	0.36605871907274223	0.08688840726928088	0.15159307966669416	3.7295444000088762E-6	3.510754847460891E-7	0.00648219620267463	0.011230456427110454	3.224212757077662E-6	6.146611769531543E-4	6.75214970311448E-7	1.5573769825349016E-6	7.378296037409562E-7	0.24815526043457783	0.06439081491146431	0.001966926886836558	1.4375778092664165E-6	6.65675260608672E-6	8.801359009003925E-4
12	12	0.019388417267658286	1.272069570451973E-6	9.842935974414088E-6	0.0330699852531274	1.2719432774707197E-6	0.0098575358342658	2.78959190050448E-6	1.2577878436451269E-6	0.019908687294419206	0.12110957325278428	1.3357168567325845E-5	1.257358520680967E-6	5.607222822094353E-4	0.011363234162557362	1.4639809379913307E-4	0.38180622164293765	2.4182471664931678E-6	0.0021631895704409755	2.642498207316617E-6	0.23944877728548303	0.1359471196960038	3.220726679117066E-5	5.148609874968327E-6	2.3840811942143476E-5	0.025132832074677047
13	13	0.08221617806575676	3.7272565798067976E-7	8.326413259359153E-4	0.03877076361001762	3.72688653216452E-7	5.57107047120307E-4	8.173707639619724E-7	3.685410079074211E-7	0.003225581943424622	0.08033239293853439	0.0013473302865237324	3.6841521314900555E-7	0.005182351611312999	1.0481355888146015E-5	4.289570877716338E-5	0.0020279482753351318	7.085640496618662E-7	1.634296320601584E-6	0.4259428415588576	0.10378516313115795	0.2508684305115955	0.003328466059719882	1.5085802285574348E-6	4.6497782846874435E-5	0.0014767776053003095
14	14	0.019629667871253084	4.036165431254016E-7	0.001030010143025935	0.020633326705770012	4.0357647146760986E-7	4.261701466221573E-6	0.436385101021175	3.9908507618559227E-7	0.013376700838144436	0.10645827588627384	0.0032132601926211585	3.989488557659677E-7	0.0011192254168406416	0.0025357807361731963	8.166161332483176E-4	0.003008973529515522	7.672886644210633E-7	1.7697440925785856E-6	0.0016267429620501872	0.21058278118562784	0.1611840570185476	0.007968593842116683	1.6336088590639548E-6	7.564481003953109E-6	0.010413284466583688
15	15	0.018111338986839576	1.9465638110761097E-5	1.5061992997541802E-4	0.08302409864776485	1.9463705532916215E-5	0.002269065166031266	4.2687277231729536E-5	1.9247094304607438E-5	0.005437370396037576	0.14465540222156983	0.06830093943473226	1.9240524659639036E-5	3.2623521461216297E-4	5.473899536031431E-4	1.767014438656745E-4	0.2544840964967446	3.7004834718752255E-5	8.53513034625264E-5	4.043639986898205E-5	0.07151749127539221	0.3201162575826093	4.928464719668662E-4	0.020714101988356434	3.6482015474011175E-4	0.009028327857268788
