0	0	2.3546642088703203E-6	0.04579670601693691	7.346017064780475E-4	8.236328541869322E-7	9.902936013394604E-5	8.223554962326173E-7	2.4444689672460476E-6	9.613659911682592E-5	0.2395482981393359	4.0567709985782954E-5	2.3202007271484968E-5	4.8309470736195095E-6	1.263001933630276E-4	8.128231543789824E-7	0.4722796225376881	0.22353166481702524	1.767500805481359E-6	2.48337443225597E-6	0.0017410363127648338	0.01596649483290762
1	1	5.087630787792899E-7	0.15410455701418005	1.653007305124976E-6	0.3202845384019883	0.0014153887694639486	1.7768313313561685E-7	5.28166841399942E-7	1.1381701684731483E-6	0.1457250962622852	0.030205378213868768	0.07463266314196179	0.0022000169154287553	0.01962171030787853	1.7562351734362306E-7	0.0060741400330386434	0.21400594276012122	3.8189698053506844E-7	5.365729929374831E-7	0.012313461507035184	0.019412006788731857
2	2	2.116906090429032E-6	0.05162924097580606	3.336522781135428E-4	7.404679608827346E-7	7.336467885115068E-6	7.393195819236623E-7	2.197642969699937E-6	0.3396866208303819	0.10597262886359596	0.03083494924761066	6.744078253378289E-4	4.34315060472755E-6	0.008201211180591392	7.307497516905471E-7	0.0025630013307699076	0.4541293332463721	1.589030489301404E-6	2.232620023124464E-6	1.3060276824057933E-5	0.005939867589239791
3	3	1.634948116385058E-7	0.044601292094868274	4.800480610619508E-4	5.71884933092783E-8	5.494872268778097E-4	0.22756866131048048	1.6973035554305483E-7	3.6575947640219906E-7	0.2173296361045505	0.1021399068753942	0.046716647770719134	0.0013063879203295756	0.10363488568602199	5.6437927760563634E-8	0.0012011477797021785	0.23582724558654602	1.227254443221535E-7	1.724317350644081E-7	0.002083121342278643	0.016560424472925248
4	4	9.44278434924673E-7	0.027548658296974733	3.068027567463496E-6	3.3029709271255606E-7	3.272544041397489E-6	3.297848406617561E-7	9.802923584252575E-7	2.1124755120644683E-6	0.21114442017115292	0.06495354673697695	0.054633872393603566	0.3082900252049009	0.05941250471190263	3.2596213642528424E-7	0.009014451282333715	0.2323069440454783	7.088114254425969E-7	9.95894409652431E-7	5.825736821705197E-6	0.03267668305203539
5	5	2.622485452337537E-5	0.04095071815223221	0.315391790923587	2.316973281930684E-7	2.295629381896525E-6	2.313379928124356E-7	6.876570375776113E-7	1.4818626709638458E-6	0.22878904819612758	0.01335501658807455	0.003252959484547367	1.3590005837063439E-6	0.005889333161903587	2.2865643618476753E-7	0.0037927879771110485	0.3556744337567005	4.972181623490472E-7	6.986015892052981E-7	0.003659518511463008	0.029210456732546818
6	6	3.7312117851909744E-6	0.04996304008191018	1.2122971566033678E-5	1.3051324263713773E-6	1.2931095790398805E-5	1.303108319054889E-6	4.358473743605314E-4	0.16631828236632126	0.29621838556829394	0.010575647647501395	0.04640196005058401	7.655141054431206E-6	0.011287464880178188	1.2880033261090733E-6	0.0687376028623906	0.09848078524173169	2.800789943170106E-6	3.935166599878332E-6	0.013270218052544594	0.23826369325337296
7	7	7.590621522577416E-7	0.09769171511092915	2.4662467365684357E-6	2.6551069346285324E-7	0.003840011840648031	2.650989175186004E-7	0.31741958649946506	1.6981222375446335E-6	0.15517070729975593	0.045475792209897566	0.0449136273712185	1.5573299451067581E-6	0.009062954556348769	2.6202602079888176E-7	2.452805006604013E-4	0.22215612470613763	5.697810161091472E-7	8.005538684916919E-7	4.683042804767094E-6	0.10401087313054627
8	8	0.3070868323272176	0.0221294356537897	4.112992373077575E-6	4.4279570287551003E-7	5.3239468171907664E-5	4.4210897867512235E-7	1.3141782154593647E-6	2.8319809644401714E-6	0.2106607285246408	0.01882994575546518	1.5903060409963368E-4	2.5971797921167464E-6	0.008568201060611798	4.3698426808390074E-7	0.010863450035956205	0.3983873779719106	9.502313531054453E-7	1.3350942979555801E-6	7.809972560005613E-6	0.023239485079630716
9	9	9.877976098348878E-7	0.1049441829613224	3.2094244514752075E-6	3.455195699167928E-7	3.4233665226398136E-6	3.4498370958926813E-7	4.203468119507188E-4	2.2098336512561286E-6	0.23002431031707787	0.0035621897640171407	6.577754713457304E-4	1.92627224450655E-4	0.0034456746349054972	3.409848275135657E-7	3.573133415231117E-4	0.29832562383223865	7.414785787538507E-7	1.041792421724714E-6	0.343620872818736	0.014436437641089435
10	10	8.23755364654953E-7	0.13300710646864425	2.676439569234628E-6	2.8813959102391993E-7	0.34393414294638835	2.8769272031365574E-7	8.551726475120441E-7	1.8428494937556646E-6	0.15421742304834302	0.05122717908737712	0.0036957063589523336	1.6900577811761284E-6	0.004685461119145427	2.8435792730577125E-7	0.0011880825660672877	0.21794720462231934	6.18342209926293E-7	8.687833294069776E-7	0.0034701445957506898	0.08661731359637785
11	11	9.757829896585315E-7	0.02519166900567266	4.082685347188833E-5	3.413170021491485E-7	3.381727984457032E-6	3.407876595113192E-7	1.0129984683171514E-6	3.983942073287211E-5	0.2399544011132702	0.03929250481776809	0.010741707643045299	2.001965274122954E-6	0.017713221604033554	0.37238512291088477	4.2828025640550985E-4	0.2779399507481	7.324599463903638E-7	1.029121060582505E-6	0.00810216015973193	0.008160499306498002
12	12	3.495647373432629E-6	0.024550097844078394	0.011882611623498423	1.2227348649396884E-6	1.2114710618871963E-5	1.2208385465767076E-6	3.6289681953805167E-6	7.82022463086111E-6	0.2065593630158301	0.005051548033300916	4.3914668313687765E-4	7.171845304087742E-6	0.09138031554644967	1.2066871845108158E-6	0.31072647914792917	0.30567612092549695	2.623966306934784E-6	2.7348795347768325E-4	1.5646705109024345E-4	0.04326385655268598
13	13	1.0239824387161063E-6	0.13716134949027314	2.0090964901539547E-4	3.5817658223193825E-7	4.77747148661049E-4	3.5762109236283274E-7	1.0630362006680096E-6	1.9987344138021237E-4	0.12329934774385169	0.0015983031056016268	1.0089951637037207E-5	2.1008536788889466E-6	8.847718422355345E-4	3.534757239399426E-7	0.0035712414325507658	0.21109477154653009	7.686402920685671E-7	0.46013157271796157	0.005143466566343836	0.05622052957794916
14	14	4.3900838730466566E-5	0.054730367509442726	3.602759418409496E-6	3.8786514640976893E-7	0.0015443542146649925	3.872636130597459E-7	1.1511492154000913E-6	2.4806625364001857E-6	0.12590241970853402	6.181918692995164E-4	0.004546876207202432	2.274989377223176E-6	0.012426359607639888	3.8277464306553916E-7	0.009686964058038523	0.3520468722580677	0.42004691164187646	0.003681279782207356	6.8411146060613526E-6	0.014707993725739825
15	15	5.377600887614373E-5	0.12033783027134781	0.002249993346837895	1.8810192769987172E-5	1.8636913743751997E-4	1.878102036721718E-5	5.582697710564342E-5	0.25122812918246484	0.12907484514086942	0.02582974398097157	0.004680431855828234	0.004260872118799509	0.02571243798723766	1.856331998420697E-5	0.04435550474855615	0.25720026192552614	0.0456963345336705	5.671550321642499E-5	0.03353611223012391	0.055428660518009217
