0	0	0.0054162272744796795	0.018639433922800736	0.07892212071143592	0.8468553821178104	0.05016683597347329
1	1	0.015653365177435968	0.13510932039102436	0.4756912252903309	0.2482095851952068	0.12533650394600196
2	2	0.01727373842080425	0.267254858459252	0.24310746695601848	0.3724574477325852	0.0999064884313401
3	3	4.776905106447239E-5	0.08050155630702902	0.04131805155366493	0.7800457823474222	0.09808684074081957
4	4	0.035257131905976576	0.10519335274468065	0.009283773229459672	0.2550738145814608	0.5951919275384223
5	5	0.013143719030946731	0.6210676307379626	0.021065013276672668	0.21513688067152983	0.1295867562828883
6	6	0.05135374876308605	0.4174910991943547	0.029318468517734092	0.26381263011730105	0.23802405340752417
7	7	0.003887124363148086	0.05834895716682081	0.04778430082816968	0.8519442984902766	0.03803531915158475
8	8	0.10131298499663442	0.14113644844437406	0.2332350711995881	0.4143037784145147	0.11001171694488869
9	9	0.3071994324130128	0.11105475243728455	0.1990097919055901	0.29512935980267085	0.08760666344144177
10	10	0.019516631896902017	0.08815546924272769	0.0010908157612691768	0.8069611920018414	0.08427589109725984
11	11	6.944394910270774E-5	0.030904260900949724	0.16814535386523763	0.7546747568154583	0.046206184469251774
12	12	0.0026738442850450374	0.1362734860232611	0.5176920760203153	0.3223311853870253	0.02102940828435329
13	13	0.014995873234956476	0.12785629560152373	0.00785600308632108	0.4639988814865162	0.3852929465906826
14	14	0.022452514565452962	0.0794925254189357	0.0204204180730681	0.7380157919086577	0.13961875003388552
15	15	0.003949298201251527	2.449664524172001E-4	0.5435516765358154	0.4405186935187305	0.011735365291785494
16	16	0.00811794094175433	0.022128128985741968	0.07055914271710194	0.48923238234178945	0.40996240501361236
17	17	0.0631017997678412	0.007547716067790609	0.12824813966123383	0.7119782022355299	0.08912414226760451
18	18	0.32298951646934815	0.17919443398927568	0.01443591337154146	0.2845501637854607	0.19882997238437408
19	19	0.4121142330365767	0.05631631838182331	9.55856906382581E-5	0.3289876670751096	0.20248619581585212
20	20	0.022993311876934524	0.016648121817693488	0.003546261386476422	0.8974800069882228	0.05933229793067272
