0	0	4.877857063030445E-5	3.02210021957785E-4	0.494544278845186	0.013349482035156665	0.4746700167937075	0.017085233733361824
1	1	0.037799816215748475	0.10666602189859814	0.4054356557757787	0.39298289638090794	0.05328242442223081	0.003833185306735968
2	2	0.025234057299522192	0.15190355952183165	0.44604831969351616	0.07153226762611598	0.2860345245866	0.01924727127241407
3	3	0.012442113662629595	0.041970696432330014	0.8829915038018951	0.023854971265133827	0.0066549608705891265	0.032085753967422415
4	4	0.34519967188037143	0.10501326841222998	0.4995678539494496	0.0027941654219981434	0.01598897996268753	0.03143606037326338
5	5	0.03296618688751501	0.5095227175952205	0.421442095152034	0.015943597400707308	0.015573985166039464	0.004551417798483783
6	6	0.11280793185687722	0.22487627982558014	0.3960112446778889	0.0025926287469196607	0.24164782563166187	0.022064089261072294
7	7	0.00838808994117816	0.03298695586691523	0.8432191663260806	0.026031465467198485	0.08912663108303527	2.4769131559224485E-4
8	8	0.08379085827487999	0.069984954951826	0.3667566674095283	0.07591577229789362	0.3574049234272412	0.046146823638630916
9	9	0.13439089110875382	0.09349694987599907	0.4322828646354815	0.3122826762777008	0.01306026546576231	0.01448635263630253
10	10	0.03943767845243864	0.05442114509475547	0.832663118066741	8.996430627894372E-5	0.01891175270812386	0.05447634137166224
11	11	2.023211577829434E-5	0.006027431369541561	0.5943716083597121	0.036934169830551346	0.36262318373358116	2.3374590835607853E-5
12	12	9.312033827830901E-5	0.08115898848574406	0.448042178571868	0.45225472582070114	0.013464856773557948	0.004986130009850585
13	13	0.036828825129178906	0.10311201817878791	0.4856641736506707	2.151547822989359E-4	0.026889831220103307	0.3472899970389603
14	14	0.054464052405620175	0.042100673231299846	0.5781841973262567	0.011266398121183178	0.0794648187590187	0.23451986015662132
15	15	0.0023163491480432635	3.0143775323270886E-5	0.43105884043881737	0.48636343357918804	0.058582401119611674	0.02164883193901642
16	16	0.041412245490253255	0.022635751581980047	0.8397304222152797	0.0506052442754535	0.02992336906095793	0.01569296737607562
17	17	0.003815773661111147	0.006971356561151004	0.6324409981131421	0.06310441262477366	0.1578397932210575	0.13582766581876454
18	18	0.33449036838233065	0.1448412648133011	0.42231842949916204	0.022719819458885106	0.042318412600698734	0.03331170524562243
19	19	0.419456971580304	0.046146719073505815	0.4971227124412174	0.009727935609761986	0.005915542268940045	0.021630119026270784
20	20	0.002675066245381962	0.004788798797629405	0.5544812681640229	0.0010522929388389801	9.206531800818509E-5	0.43691050853611857
