0	0	0.5127321777245061	2.0090009752254454E-4	2.531784988382402E-6	7.492440326822316E-4	0.02160589823194652	2.7727791727417945E-4	5.077958596920809E-6	7.799481393003512E-7	0.43637036466825474	7.867006557504623E-7	0.001195472713796262	0.023008603781566293	9.835861358347314E-6	0.003834191450858787	6.857127853719819E-6
1	1	0.006191372791024385	0.4024349893708971	0.003947102487903639	0.020738924556956632	0.101014516790826	3.740538860832663E-4	0.00991657236978595	1.6849180886154033E-7	0.3577652682533771	1.699505516339343E-7	3.0075148634504214E-6	0.08828016504295	0.0013569125615533863	0.00797529458949669	1.48134192191871E-6
2	2	0.005746595301739252	1.8061062055960372E-4	2.2760927620949574E-6	1.833190900913695E-4	0.01370419582095032	4.14650569376517E-6	4.5651209963346255E-6	7.011789400825797E-7	0.42661803491693867	7.072495005324403E-7	1.2515778057612887E-5	0.22847200446424953	9.05519493720711E-5	1.516898701389466E-5	0.3249646069231349
3	3	0.0028350574431317524	0.0036608531414073007	1.7575776520137695E-7	0.005591777523145562	0.09539827169499597	3.201893113794573E-7	0.00858761864682792	5.41443853113237E-8	0.34944784636966764	0.29056007861362165	9.663240748563839E-4	0.23749786097499054	6.828103567665975E-7	0.005257007255941483	1.9607135959511923E-4
4	4	0.016448179992839776	0.0037613821685368895	1.015176885525519E-6	0.0017946234444432922	0.08406565878374132	2.2051238558224887E-4	0.34075183424738	3.127379799468037E-7	0.33736634232377516	3.154455552941334E-7	4.793520270841911E-4	0.21119752253185214	3.943912751693616E-6	0.003906255299918999	2.749521673496134E-6
5	5	0.004277617153118793	0.0017437316245085565	7.121094782786618E-7	0.005911513245114552	0.026962841682810497	1.2972959869829012E-6	1.4282660114373625E-6	2.193742616810622E-7	0.5207174780748706	2.2127352681946123E-7	0.3520715126369605	0.0843651281083463	4.1179073008445875E-4	0.0034303236811057537	1.0418474381490374E-4
6	6	0.34084749362583955	0.0017587932304362688	0.002596742825958041	0.0331644142788742	0.22106176259200538	0.003320242962952629	8.047572930302841E-6	1.2360655198487944E-6	0.3134553062293477	1.246766940027425E-6	2.2063300573849846E-5	0.07362661433521954	0.00923418504365405	8.909839609202063E-4	1.086720882850117E-5
7	7	0.0034371747567818415	0.009585637118162408	0.34366076303158777	0.0016476562007777273	0.14643759113072546	1.486633505909729E-6	0.004073645296598488	2.5139145655398863E-7	0.3942864300412009	2.535679152956185E-7	8.833380144135461E-4	0.07828075832567169	0.004250949009565225	0.013451855304739451	2.210176897748482E-6
8	8	0.013444573447031307	4.0238210878892054E-4	1.3651866180025543E-6	3.0598898061255414E-4	0.014149761371123086	2.487048937051821E-6	2.738131853651803E-6	0.40143171332700917	0.4182981558271302	4.242039559175034E-7	0.006525680729414126	0.1452696037163212	5.303683513631782E-6	9.098266303067119E-6	1.5072397138817483E-4
9	9	2.0318484719039726E-4	0.003019783729693303	1.061967812714432E-6	0.3738871935889563	0.02377838475611775	1.9346555884491783E-6	1.1650069863074174E-4	3.271525122884492E-7	0.553255421693346	3.2998488358291063E-7	2.3458100350145274E-4	0.04392414989750132	4.125693224668423E-6	0.0015701440800554287	2.876250985661567E-6
10	10	2.966075205257106E-4	0.0044575642391666845	8.855948941065663E-7	0.006811223518205496	0.10474558146373472	1.6133456122422486E-6	1.7762227940180758E-6	2.7281862125014763E-7	0.3950838335447192	2.751805888414041E-7	3.545813302122788E-4	0.07338068534147882	0.0023242539800259416	0.4125384473397312	2.398559689450601E-6
11	11	1.2414101601116612E-5	7.923663893004163E-6	1.0490499013884691E-6	0.010478606365478114	0.03433517419257072	0.4095526261148915	2.1040617547693218E-6	3.2317298758608934E-7	0.3831571845229639	3.2597090555646126E-7	6.459857248623812E-4	0.16145343638599918	4.075507768389698E-6	3.459299005189412E-4	2.841263903436335E-6
12	12	0.34739002806060415	0.0015127749885321777	3.7589877942076195E-6	7.07584774318482E-4	0.016830016602609736	6.847991677250192E-6	7.539338637722388E-6	1.15800336489796E-6	0.3844766635248934	1.1680289504167252E-6	0.02201652225629094	0.22699610133452197	1.460348448276743E-5	2.5051719325903758E-5	1.0180903996086373E-5
13	13	1.7110833480059133E-4	0.004711224036290539	1.1008732854303498E-6	0.01020584784141791	0.03583374101963798	2.005532209482275E-6	2.2080030450939523E-6	3.391378314180835E-7	0.38995255125606043	3.420739673867646E-7	0.005064644611431025	0.030831792317568087	0.5157829708633932	0.007279061503050923	1.6106259601048365E-4
14	14	0.010199634519195066	0.0031331366905969996	1.1921318242820656E-6	0.0026637956230189733	0.015095064182969931	2.171783803993318E-6	2.3910387625940317E-6	3.672511695961967E-7	0.4513797580821591	3.7043070095099344E-7	6.555294044517955E-6	0.06210397928079025	0.0049690059925789854	0.0021049652581456085	0.44833761244023923
15	15	0.2592966562956784	0.006695476942003681	5.809516276487809E-5	5.079344656052042E-4	0.05363770461295934	1.0583572304103281E-4	1.1652049149320128E-4	1.7896943977761623E-5	0.3799046094510638	1.8051889419037962E-5	0.03577393771258811	0.10042354811361644	0.03776573881558386	3.8717436487053304E-4	0.12529081901533473
