0	0	1.3117082572722677E-5	3.3466689274918976E-6	0.5648854404282865	8.262373456232491E-6	0.001383906147525886	0.4220347283960961	0.011652791038915247	1.8407864219704668E-5
1	1	0.010527551333128984	7.228371013825076E-7	0.4885076808106002	8.068469661990481E-4	0.4675492688552239	3.7833539193940556E-4	0.012982663003467457	0.019246930802339614
2	2	0.06394536875496029	2.544452656393751E-6	0.5999964991499851	6.281833830687121E-6	0.05510350498837846	0.0061010100938876325	0.24441828268447494	0.03042650804182647
3	3	0.005487558835101032	3.008603030717471E-6	0.6830477143410033	7.427744530430802E-6	1.819204865642039E-5	0.310260849444912	1.4510526635878769E-5	0.0011607384561301112
4	4	0.008871120285318916	0.0030577035691783548	0.565482277913459	0.001098506985279145	0.004482040498633206	0.0028363125622377413	1.9883242511232984E-6	0.4141700498616425
5	5	0.40351479935845974	2.3227320111043917E-7	0.5676375535670946	5.734442136429972E-7	0.010639452029249393	0.0011058759136007904	0.0016857932666226511	0.01541572014755823
6	6	0.09644532541023058	1.3417215963396805E-6	0.5583605378992106	0.019393378791227687	0.20509815634176987	0.005695568184579507	1.1581361766578076E-4	0.11488987803371965
7	7	0.0011797163165258328	9.411404064059662E-7	0.6945871138062729	2.3235203962359497E-6	0.006320447501076257	0.2959567399082561	0.0015384881340457354	4.1422967302049893E-4
8	8	0.01731253185452172	5.304594846798499E-6	0.5563022364745533	1.3096169536883984E-5	0.04225274226426801	0.02050047725494838	0.30421612419053445	0.059397487196790506
9	9	0.02191867746784773	0.029386364154881585	0.5285421734434872	0.004573056041168651	0.04638429525021788	1.8362910178794958E-4	0.3264074622607902	0.04260434227981881
10	10	0.0056264748356974325	1.7988242942601633E-6	0.9331951893790298	0.01217171653569837	1.08769082366204E-5	0.0293806848829515	0.002354174648397937	0.017259083985694118
11	11	5.501214221126872E-6	3.064242567101312E-4	0.6890641094017032	0.007400216836969587	0.2986999944603355	0.0032510539316972114	6.76943374670477E-6	0.001265930464616621
12	12	0.027030128505088367	1.1704428675930243E-6	0.5440904939357147	3.468438448360835E-5	0.023090068795152536	3.264609817390305E-4	0.40542055510470654	6.437850247625464E-6
13	13	0.020871151159351002	1.3864949553487592E-6	0.5643757186819055	0.3875257350684815	0.004377378554185917	1.0084936567769407E-5	2.3266957411115807E-4	0.02260587553044186
14	14	1.9477541867396815E-5	4.969465107057657E-6	0.622537183010176	1.2268789498397778E-5	5.70025282847091E-4	0.33536157517276294	0.009743545433592113	0.031750955304148946
15	15	5.70277463960213E-6	1.4549956959586151E-6	0.4571246461623214	3.5921443314772246E-6	0.00957373956406252	0.006887855304017198	0.5263950060633628	8.002991569152078E-6
16	16	6.175570499407883E-6	1.5756239838638195E-6	0.5724080586019272	3.889955673337585E-6	0.005830515809541487	0.4104339527429348	0.004458943415767003	0.006856888279672869
17	17	3.026546952931917E-4	7.721877626992869E-5	0.5361259101810553	0.021166905681811014	0.042419447469911296	0.3970130790190866	0.002470053562465091	4.2473061410764284E-4
18	18	0.04269054760254712	0.336007016724466	0.5244905330110332	2.4932663845899736E-6	0.0158626930540596	0.0120506700505792	0.005436711803461551	0.06345933448746881
19	19	2.9004953773339754E-6	0.44095197876205533	0.5200668954022646	6.213490183872792E-5	4.474704873014029E-6	6.486669619607094E-4	3.56915955282756E-6	0.03825937961207742
20	20	3.838704779050734E-6	9.79400254182981E-7	0.5246688737488278	0.4751701257936598	3.2527251126019673E-5	1.135443945658083E-4	4.7236585652576095E-6	5.387048222082674E-6
