0	0	2.0089132085302375E-5	0.4916993959440625	0.5081514923321727	1.0762338997174524E-4	2.1399201707778098E-5
1	1	0.4590320052286849	3.3983141519448884E-4	0.4737008977888558	0.01712608469130362	0.04980118087596122
2	2	0.28942861888621463	0.003212585284381073	0.706425494013476	6.688704374420061E-4	2.644313784863278E-4
3	3	0.003900762406870281	3.678950859573237E-4	0.5070141936376595	0.4765380251980238	0.012179123671489156
4	4	0.020455481703806917	0.027347311071528338	0.5540220319179031	0.36897160563724407	0.02920356966951758
5	5	8.234767774701655E-5	0.2952713505818616	0.6955851673159905	0.003967452199515414	0.005093682224885451
6	6	4.641685434245819E-4	0.14588204516174938	0.4689676657383145	0.0269747819154332	0.35771133864107835
7	7	0.03768349105474887	0.0031438531475847095	0.4513116841469628	0.024820651346646263	0.48304032030405736
8	8	1.079761279192262E-5	0.31456408748802905	0.6608740054523987	0.024539607690850024	1.15017559303065E-5
9	9	0.0057658036857140575	1.1692704518750661E-5	0.949367599599174	7.006945312611677E-6	0.04484789706528053
10	10	3.882090754842557E-5	0.004747246612204216	0.4652369536522675	0.0069054178842487155	0.5230715609437312
11	11	0.004791711536714302	9.531624668156923E-4	0.9343904795975674	0.04607058129818308	0.013794065100719538
12	12	0.0036749263951545417	0.3997868618239399	0.5625957387111428	0.0339106966956092	3.1776374153615156E-5
13	13	0.0030126609188684352	0.642259664078679	0.3329326357800703	7.263679837299801E-6	0.02178777554254498
14	14	0.3396887565010852	0.010884918135193853	0.6461126054074805	7.865897841433848E-6	0.0033058540583990243
15	15	0.3889451650439106	0.09933918366711422	0.5108354851840371	3.859038542074088E-4	4.942622507306374E-4
