0	0	3.327922653609241E-5	0.3955167650115193	2.8364710096178645E-4	2.818987128781807E-5	0.41974202561618446	1.5331897643895188E-4	0.13202839665628022	0.00364149546451423	0.0192799623894263	3.140650848309792E-5	0.01217295355823142	0.017088559620136362
1	1	0.002688910478427943	0.0033037906797379036	0.015462221424088053	0.3791837816123328	0.37858372832257925	0.01033251162078987	0.034472690726933	0.01495899901553927	0.007508950106392847	0.02761102972129348	3.4185607742099396E-4	0.12555153021446452
2	2	9.26127476633284E-4	0.03604176653803432	0.014642912065498026	0.02299777440045435	0.3515591956483104	0.05484463078297063	0.06871676442050151	0.032680502541905534	0.16464974507501995	0.039576976107787244	1.1510328408695566E-4	0.2132485016587978
3	3	3.130114517171487E-5	2.0912966609242266E-5	0.012549369178246596	0.01636673466662456	0.38119443926022517	0.006724160373467987	0.3923139173846438	2.4473755073692674E-4	0.004645075451502158	2.953973946179254E-5	0.016603704016915306	0.1692761082663948
4	4	0.0261283473775392	0.0037968286393309045	0.3232638504932375	0.0023695852413430276	0.31383304667706924	0.009265481139454386	0.045018877355125574	0.0068980511602005105	0.0022351527733762864	0.003947491930342796	0.018650265693263824	0.24459302151971668
5	5	0.006730766339160187	0.0010919654246165848	0.018804641718317083	0.00785958921269799	0.31470290615396185	0.2836073259430732	0.03446534362032084	0.01647515999857187	1.497035049918506E-4	0.009994379878193526	0.0025475917379109954	0.303570626468184
6	6	0.02162402917214988	0.23983901445964276	0.04838780013721788	0.0033121686354573667	0.2802226368499991	0.06013201681528214	0.057260750202106914	0.006442014296339707	0.0015589906596066671	0.0022842187546116832	0.007778640831627943	0.2711577191859579
7	7	0.002359303553394144	3.940799818711293E-5	0.00567383668097765	0.0017952170823377254	0.4234363334897419	0.007192381394267678	0.4536334565876694	0.0012653372765149674	0.004744613021745148	0.028836034360493732	0.0036539483617487743	0.06737013019292167
8	8	0.004251200056352196	0.06952883345415523	0.048915122664481815	0.0016177864332131804	0.3779294239280054	0.008632657811058498	0.06273063559390611	0.08756631101747571	0.19664527593792308	0.011950655136698116	0.0023461459747472838	0.1278859519919834
9	9	0.028050009975075285	6.828997896585839E-6	0.023328270911837277	0.013473486406621556	0.3636205956535297	0.005669371560411235	0.04692475785666075	0.3603356967617913	0.015590430675831293	0.016160277869523423	0.003953596003199371	0.12288667732762212
10	10	0.0042241182233988	0.15892945823316562	0.013079172788623599	8.19132604414771E-4	0.35767059123142775	0.0027413114883982227	0.2992993805211717	1.4330725008874147E-5	0.002372729392256048	7.852234800030597E-5	0.017221911523960753	0.14354934092017355
11	11	0.0032546537370922186	9.224180835050944E-6	0.014145222471730754	1.5680736429299157E-4	0.6213218131437859	0.002482148539779169	0.05109681314615978	1.1205826799678449E-5	6.562009792065631E-5	0.25608835996525775	0.002921725831591355	0.04844640569475465
12	12	4.9493390792128145E-5	7.342521545545736E-6	1.6661615498660755E-5	0.006785941017777171	0.37433040866884476	0.008174888065239245	0.05110794391616736	0.03970612142383567	0.010948750148160312	0.41230681523535845	9.250884314245553E-5	0.09647312515363816
13	13	0.004022555681964192	0.17528423555291917	0.022527971424849795	1.0827414796907638E-4	0.34460746707468753	0.002285238394060138	0.007213626678118022	0.003585273332005908	6.451030832340354E-4	0.018656206120071787	0.059764610749685705	0.36129943776043455
14	14	0.010027420074533418	0.021021679020928583	0.04480482855646884	0.007095231820198895	0.31327803226540396	0.0022907041309233253	0.41983855331568537	2.1189553106341872E-4	0.016577183434772543	0.006067738444926484	0.027079532876591258	0.13170720052850388
15	15	1.4554510853480037E-5	9.724180946827848E-6	1.240517054994996E-4	0.0037348045526078948	0.3752541808013432	1.6903896205754264E-4	0.09578263257265873	1.1813242759164125E-5	0.477769913148103	0.02306249004591216	0.0012953503601847087	0.022771445917073717
16	16	0.010188375230886532	1.1021292614690303E-5	0.02557029722566233	0.015791945087513987	0.4232288466880062	0.003832657551677818	0.057468533649122515	0.010647626453650902	0.009903515286917448	0.011285547561739247	0.3702565565651539	0.06181507740705438
17	17	0.019448327736136556	0.011187003515472038	0.0038246484507596283	0.019331806351860263	0.4083275583860356	0.011518711322699078	0.2251851775058604	6.18425810879102E-4	0.06235010698871289	0.0033885408242883617	0.19861664287406566	0.03620305023323046
18	18	0.24489570605914093	0.020137316710228767	0.06642957777371683	0.006538023546234895	0.30175865753316133	0.03435154301585207	0.058949779212992104	0.0496414155458272	0.006338908335734742	5.842809663405865E-4	0.008674968288938876	0.20169982301183156
19	19	0.3690019356855628	1.3666345035672254E-4	0.051457350911571983	6.365538548675025E-6	0.29830128144471607	0.0014563617706536112	0.07033287165213727	0.010906112971137753	1.93688605402828E-4	7.0918855353143055E-6	0.016939848086444564	0.18126042799793238
20	20	0.006574351358631535	6.588573489194127E-6	4.986500245570331E-4	8.353257053295746E-6	0.3425613873576461	1.0881718695329428E-5	0.08960028882030965	8.004007585835099E-6	0.005125712871075187	9.306414911486328E-6	0.45317102081479654	0.10242545478124872
