0	0	0.07394851530342024	0.0012001294135071156	0.4845370847190649	0.0519587146813573	0.004272096565375133	2.8321913582912586E-4	0.0016661975769457658	3.3553029188217444E-5	0.38207855271196606	2.1936863346026036E-5
1	1	0.07821468297408793	0.4076784931771547	0.40990630997163285	0.0018175396253475116	0.03523980384260293	0.028944770319433266	2.2047447909613588E-4	0.01764292732277892	0.012378860492602171	0.007956137795263666
2	2	0.23079693457383427	0.029323457351137942	0.3762278253740923	0.01350666974324746	0.03320902122711913	0.07381744277247909	2.3675971341797885E-5	0.06600907969194278	0.16730394865948128	0.009781944635323954
3	3	0.041584375460742784	0.010890232490442617	0.5561993593285933	0.3054095491094155	0.028586271052749086	0.04128639232239266	4.70356915698317E-4	5.799542805538562E-4	0.010585709449828024	0.004407799589583782
4	4	0.13913962576185407	8.607428151578496E-4	0.35488393370771876	0.02647262734125541	0.40762985574163113	0.02837462450865691	0.023694449903774915	0.0031318241731574784	0.0047124730902142415	0.01109984295657919
5	5	0.17844866978843354	0.007419202079869292	0.351915513142385	0.0014274878382350708	0.04592965347146238	0.3879428465408051	0.005238177332079651	0.01337438340952408	0.001481186711779385	0.006822879685426492
6	6	0.25597226399382983	0.001127455987411009	0.3157935647058213	0.00868680824950899	0.0685535823766719	0.09530344124368056	0.01707963092586812	0.005930132500321947	0.006883304172929319	0.224669815843957
7	7	0.04256857172238696	0.00394829150929759	0.7975622580539363	0.07571356912790536	0.008858138149231165	0.018813732831730542	0.005272095974289871	0.02380683128631805	0.022953818216840494	5.026931280636765E-4
8	8	0.20627598483919302	0.013182472410143456	0.34704508160851927	0.010780359226476239	0.05929007767206241	0.03404161660762178	0.02106074537179003	0.05310122587048705	0.255189499414886	3.293697882076088E-5
9	9	0.0811913077419573	0.03499889545644154	0.3987733594730366	2.048591465485465E-5	0.06355346829733577	0.03403687550850707	0.07321031984438772	0.2891574224161581	0.020001618396005432	0.005056246951515538
10	10	0.06836867837872841	1.4177434685406292E-4	0.47456758857349796	0.37319876635170507	0.027630630567481905	0.035227114442928566	0.014741467846713544	1.780036662290081E-5	0.006094541302607345	1.1637822860204268E-5
11	11	0.038463927832194884	0.025410166751693136	0.8662303628992266	0.0046715216452928015	0.012849696493930002	0.009405187158205392	0.0035452158375608527	0.01960516162034653	0.01976128632986925	5.747343168056711E-5
12	12	0.05556864602292065	0.018570750767203263	0.4458192114190306	0.0038725489479812837	0.005761743585304666	0.03139826716316471	1.1107983763845592E-5	0.42345303618353825	0.015537444339389337	7.2435877033700725E-6
13	13	0.5079887371066516	6.239097510311738E-5	0.36173342482131976	0.06025898736229192	0.04272878036817681	0.014704215388498185	0.00957753351030293	0.0020425401927582566	8.943039082643098E-4	9.086366633059621E-6
14	14	0.1206479257395312	3.9434071020419403E-4	0.42384029326386746	0.17010612994988708	0.07478882466594337	0.020378338549568976	0.0048676714011004025	4.951113774620487E-5	0.18420630408380617	7.20660498344977E-4
15	15	0.0019452614724544464	0.009500073785219998	0.46824997043835653	0.014409955179036316	0.0049279871020385625	6.338124457351536E-4	1.4711231124770088E-5	0.02066792635944674	0.4793857302639692	2.6457172261821896E-4
16	16	0.01960209099867543	0.008397635962427992	0.5228533774807166	0.03511672305375907	0.0301497167236697	0.0030880987973194445	0.002617604013701395	0.004178119097365708	0.012572043049618075	0.3614245908227466
17	17	0.01913140065546755	0.022199938852957363	0.43413078531812677	0.2076886635019183	0.001701119385485752	0.0011479099222885811	0.03290074644475524	7.703690954045502E-4	0.2075365460205597	0.07279252080303629
18	18	0.17110674297662767	0.006912138211558644	0.32343042818741896	0.01372238727652971	0.10298033228162677	0.060240180425099606	0.28202155408567214	0.007284184762148815	0.01551370128243462	0.01678835051088305
19	19	0.0921563819512095	8.666846185098805E-5	0.3567922478236066	0.03624417746377936	0.10098959239194602	0.014676708398744234	0.39513139284788057	0.0011923943129106363	3.295170374841466E-4	0.0024009193105880657
20	20	0.06022788336529221	3.5559164196423003E-4	0.39672274013755027	0.5282394823470975	0.00572291135328607	1.481372087000175E-5	0.006229194790785868	2.8635168382385275E-4	0.0021254286620766712	7.560229725326722E-5
