0	0	0.3994928474050382	0.020280756791616308	0.5802263958033455
1	1	0.6171128856842623	0.2058084029963742	0.17707871131936356
2	2	0.42233456886484466	0.32188725441339333	0.25577817672176195
3	3	0.15464146981040808	0.11442462141819137	0.7309339087714005
4	4	0.03920110197089061	0.26966458915000385	0.6911343088791055
5	5	0.06437514057417358	0.7352023945847665	0.20042246484105988
6	6	0.056801434365785726	0.5527087019255013	0.39048986370871297
7	7	0.30643606617117536	0.0626565825246996	0.630907351304125
8	8	0.46591912099932686	0.21301441238716426	0.3210664666135089
9	9	0.49725905390254194	0.20955893823754473	0.2931820078599133
10	10	0.052681232393805476	0.11984822192257837	0.8274705456836161
11	11	0.6590307242268117	0.04706817715852806	0.29390109861466013
12	12	0.7373790635989574	0.15299703194907935	0.10962390445196324
13	13	0.06301369665105475	0.22028443286690072	0.7167018704820445
14	14	0.12937278952741219	0.09828902939792229	0.7723381810746655
15	15	0.8066171772513191	0.001624136087326993	0.19175868666135393
16	16	0.21207157829181528	0.06549057351321691	0.7224378481949678
17	17	0.35795716163048	0.007686644185289806	0.6343561941842302
18	18	0.0986190728134842	0.3056952259591941	0.5956857012273218
19	19	0.04811808354285325	0.14537410436944972	0.8065078120876971
20	20	0.07503320748573909	0.016408509320686725	0.9085582831935742
