0	0	6.263248290995059E-5	0.008077887083105641	0.007281082559622228	0.012353537809498834	0.4107756707348526	1.3111887724939926E-4	0.001207291188549081	0.0022440624509307244	0.12885169715682845	1.441014131940046E-4	0.4154835334068072	0.0010765828360928052	0.008185431581248369	0.004125370419110677
1	1	0.022822424751369624	0.011352287596873902	0.050400873338975916	0.0940147664117553	0.008718573850316986	0.00688621058415735	0.014605673427184213	0.01837704632786018	0.023906076945552756	0.001572134653834235	0.3617909740557872	0.37557003992626237	4.948072185536961E-6	0.009977970057884483
2	2	0.015881609351897964	0.03128822457101629	0.044431369530230025	0.15328421830809033	0.16234074270764606	1.0227840958549949E-5	0.04425933881397276	0.05951363681393388	0.06180679192687805	1.9365553124786338E-5	0.37104983103825806	0.021272678697287876	1.710686247014333E-5	0.03482485798423523
3	3	0.015411054697656692	0.011216499866552198	1.5918458197747615E-4	0.023462391702574355	0.0017901026648747748	0.16757136191814856	0.018022895396018146	2.71818406660716E-5	0.10233222466835569	4.645113149032015E-4	0.6321470282645107	0.0035347344915543015	0.022064153817987073	0.0017966747742207217
4	4	0.3609868773409508	0.0020029855710460382	0.010599989465315178	0.077488205373216	0.0049953511282479456	0.003891092134240899	0.019383820148390875	0.0037159773174318656	0.03934537030081969	0.024944308436187546	0.40000552254166444	5.063575786277598E-4	0.012051806558802218	0.040082336105058736
5	5	0.03254856283736003	7.181759465503675E-5	0.013236259661264873	0.1528686897674926	0.005609613323993711	0.002638236561167902	0.339375648954925	0.012855720824371693	0.02421644896467169	0.002360676027325167	0.3890689001575545	0.006560189455138791	1.708015647840273E-5	0.018572155713600613
6	6	0.07111700392658958	5.514425226902237E-5	1.0512488982666178E-4	0.13361032304362155	0.23533580296971235	5.344439608402927E-6	0.09880926328656855	0.0031837010228332905	0.06136862375744033	0.015318048535562137	0.34503750551026663	4.817116726000569E-4	8.938992474702848E-6	0.03556346370062665
7	7	0.006703146073717119	0.003914779605754446	0.05594697417748706	0.031340446932908994	0.0011359956234860034	3.019879002479009E-4	0.009278601454006096	0.010665075084385914	0.4027500696465652	2.063856507340711E-4	0.47355909056851303	0.0032842398047321186	4.040499305705692E-4	5.091575468914629E-4
8	8	0.034225233806676476	0.05833565972001831	0.09249585109415384	0.20110444124612534	0.15023407683327153	2.181578990537998E-5	6.217737863480135E-5	0.03434962255500945	0.09665131453174916	0.0033669108692300533	0.30047797515948205	9.161369884211764E-4	0.0012617113271815984	0.026497072700140827
9	9	0.026948274239086866	0.03442354629208882	0.006032234684901097	0.22509950747086432	0.003986514008717793	0.18539225953872868	0.002913321938739192	0.061351216628019636	0.040973418521280246	0.04161954211285289	0.3546147645639512	0.01426071958960519	7.465232140278821E-6	0.002377215179023768
10	10	0.02848757750357768	1.769320533658599E-5	5.227956446939388E-4	0.03129726677862331	0.020618538638450958	7.709828767967413E-6	0.03280633005373449	1.5333052805384984E-5	0.1603459871032598	1.4597909685354223E-5	0.486118076177953	5.093400403671428E-4	0.23457568532126793	0.004663068741476465
11	11	0.008393883187092744	0.0013198078136186316	0.4740415283239892	0.02036153215824403	1.1242916618572281E-4	6.028707898577092E-6	0.0020486954000031015	0.0029625203726664504	0.025983671018335732	0.001027171312040905	0.45809189038809317	0.0013172966784130954	1.0083484609468028E-5	0.004323461988809156
12	12	0.003485921502501358	0.015104046745330524	0.018498655259677275	0.07003473150686107	2.4350562937773245E-4	4.798930034149319E-6	0.010370886845114466	0.43947864345853715	0.041590272595313976	9.086368755153876E-6	0.39032837206552096	0.00524537275933875	0.002626205905813493	0.0029795004278238926
13	13	0.02586480684568756	1.3814504491652655E-5	0.02479814143678404	0.04061576011113512	1.5666963618497657E-5	6.0196816867728684E-6	0.026725362648194247	0.0031029756818368474	0.013580752384438224	0.006289999507417223	0.4390531970243047	1.130712897038316E-5	0.004501683484568695	0.415420512596866
14	14	0.037592969020510285	7.372872216983288E-4	0.004378214710861566	0.040073876990313125	0.046673466391510356	2.1440512716646688E-5	0.016403093618246083	4.2640183531020464E-5	0.40152995969976985	0.010877912712739727	0.3935330617127471	0.006061004618394059	0.01654986765520542	0.025525204951756402
15	15	0.0014041541713201162	0.4836146336875197	0.04107090403962561	0.01264373168706254	2.7149667495218765E-4	1.5932892980280775E-4	2.7306956679166576E-4	0.018573417486917654	0.06650228987027099	1.203357510361587E-5	0.3721693419262714	0.0028674421828486503	6.162119377614677E-5	3.7653500773684263E-4
16	16	0.03014100268920838	0.008627631146421342	0.01898208143093141	0.016410754878959537	0.008918810924677766	0.3640429244291236	0.010018653420909547	0.005331246669111663	0.04821019041461236	0.0026720992551849438	0.4689122735524832	0.004001221095045844	0.012321876263187351	0.0014092338301429908
17	17	0.001431628447169021	0.09936397360002376	0.046507083732521964	0.01055130383705546	0.09680127654104904	0.06695493683012807	9.466690590218535E-4	6.60572691305077E-4	0.10178051472418996	0.03527274971106354	0.4229344684527032	0.00861863498419483	0.10715200587004434	0.0010241815195298704
18	18	0.07746111180413554	0.0024117954129588264	0.013582173047396385	0.15667762784245987	0.021968364929655388	0.0052821103065088144	0.03651744815146088	0.004237467648138947	0.06063463328283961	0.23934015214858237	0.3412599586916325	0.0028160307658532053	0.0026798324099262215	0.0351312935584514
19	19	0.0719688125474597	1.391711429823453E-4	0.003092277387636594	0.0791674948904431	0.0014039292713589856	2.960959619505981E-5	0.0077234828877572066	6.526152043917387E-6	0.055952267191627894	0.36783595226547183	0.3876733488249469	5.590537310681544E-4	0.011089614273794061	0.013358459837214263
20	20	0.003715322574679818	0.0039484887182771105	0.0026067924146857186	0.017687775575250288	8.030571158541972E-5	4.306175115949173E-6	1.2273068351565968E-5	8.563978841710451E-6	0.06247157967869656	0.006434300862321609	0.463743447552667	2.8448198700575973E-4	0.4194687970154294	0.01953356468709206
