0	0	6.034583651459277E-4	0.0020276807373503457	2.7503402417950823E-4	2.979619081445024E-5	0.06212466692986828	0.018118825896784638	0.0022446876252906586	0.39704135390056505	0.001425790442997678	7.568545241943887E-4	0.515351851362809
1	1	0.38899190580443627	0.027804247712536246	9.104861073966471E-4	0.014057855990518297	0.11839043265661094	0.023840205137189447	0.014817284131563753	0.3805844855039959	2.9133292547179034E-5	0.02635875448280009	0.004215209180405293
2	2	0.025701988613901303	0.04894508665679423	0.0029018510632040414	0.023985133056650294	0.06694967674345315	0.03318745470653586	0.20133590355865522	0.444483645020711	5.931443286478471E-4	0.08727966800338635	0.06463644824806065
3	3	0.005393279403337998	0.0044296690406649564	0.011555193285159877	9.054236974523316E-4	0.33404461099544736	0.007500063809036897	2.743302508080308E-5	0.5570354009476098	2.4938038452446303E-5	0.01902756219649746	0.06005642556126
4	4	0.0030350812618809802	0.3313038533504435	0.01345482939650961	0.006245667084848965	0.24133446576772488	0.002031562112506501	0.004260059836484236	0.3267967270423378	0.0274061792575075	0.03558308766964766	0.008548487220108264
5	5	0.010728440743596553	0.04556412202077948	0.0010623345943316753	0.01802224318319481	0.09834404097830039	0.0019364791073583282	0.01124719979698417	0.4121302464718443	0.00706291896087542	0.3876870224460472	0.006214951696687605
6	6	0.009184238682233026	0.2976599609782915	0.014166407102452728	0.006271715080908722	0.09257227083802905	0.001260065116727551	0.020979975688517918	0.35107291129624796	0.022737158113862357	0.1290955634540807	0.05499973364864859
7	7	6.346482840584248E-4	0.0030909358940323472	2.435522418724796E-4	6.70405135338627E-4	0.18199502639056642	0.02877436039777011	0.008845282129170655	0.4924882457105199	7.525737262848061E-6	0.01679661757668223	0.2664534005027259
8	8	3.066871418592423E-5	0.07342424151695522	0.01651977227093332	0.15323472122949794	0.01274060073959255	0.11141455849607138	0.017726292527494695	0.41632165938985166	0.014746047210158134	0.019869297717040487	0.1639721401882188
9	9	0.01325658965297134	0.03331878380790253	1.2843987895957232E-5	0.34512617373516596	0.12082041484046593	0.018707460690697026	0.028443420197884133	0.39009546233003733	0.02428845229311933	0.023259343130078457	0.0026710553337820062
10	10	1.083680493246937E-5	0.013510113119099129	0.017962334598612847	1.39532775392238E-4	0.20605017354382582	2.0937662616007122E-4	7.733629611404226E-5	0.4416351884008838	0.0024267069170132403	0.02069245545571392	0.2972859454622524
11	11	0.003201065075803756	0.004082120361353685	0.001371781721266972	1.236055339072702E-5	0.12537076832271846	0.3159884032518602	8.828062043000647E-4	0.5317585879579366	3.979798115433451E-4	0.015744829388551613	0.001189297351274572
12	12	0.005397401800853244	9.199192197663913E-5	0.004942410284993622	0.017567978071596307	0.06390902893430032	0.018882105290080522	0.4083518780571059	0.45962940625916454	1.242693302858245E-4	0.01954077174960391	0.001562758300039172
13	13	8.461003817959575E-6	0.05329387956713719	0.33444768758543986	0.004069556173852302	0.13001306683666533	0.005573092891182244	0.0017025872332020807	0.3955287114461372	0.006434904938080146	0.06764393537795559	0.0012841169465301714
14	14	3.0141022440661357E-5	0.03740438477028079	0.02363419192606784	2.1602854391257822E-4	0.16359173801001048	0.006604517879247622	0.0014195331927692129	0.3362041008886063	0.014492323909569666	0.02933495149862688	0.38706808835846807
15	15	0.00439448156136525	1.9842540742635182E-5	0.0031289692313304415	0.006948316639111622	0.06781141919117584	0.5270503549380794	0.011537568930245948	0.34722181329109725	1.1595267142748486E-5	2.5022088334796267E-5	0.031850616321374155
16	16	0.016251151529300508	0.0010050426843149782	0.004066536604818299	0.007470613891546601	0.6544828976371322	0.01897972315303874	0.01926094065610351	0.2411284869311969	0.0010534925056426884	0.012917146384604653	0.02338396802230106
17	17	4.6855688823193523E-4	0.0010407846760314837	0.04910547423675816	6.834828031683371E-4	0.22407366000444123	0.23908454803080362	6.690456904964374E-4	0.3770692191303567	0.01398212828366106	0.0013124632797253122	0.09251063697632578
18	18	0.005317901988474524	0.08953855382734278	0.013647331906090163	0.046902896769265436	0.13336686289673447	0.0045806326266938134	4.2297211365237126E-5	0.34422856085157627	0.25295244204027767	0.07773384199415839	0.03168867788802128
19	19	4.612203222000227E-6	0.05656504397239894	0.011804857347476537	0.008905946660866037	0.2233959994494343	1.0124683285159603E-5	6.585699126133814E-6	0.3158688665657603	0.3513671570622155	0.021550081911802202	0.01052072444441289
20	20	6.05245792870616E-6	1.5164739173012849E-4	0.44951873833293815	4.3379539496532144E-5	0.1410977462365642	0.00681980056310767	8.642218257407018E-6	0.3845498021240127	0.00612335378971303	0.001398986740729317	0.010281850605522188
