0	0	0.22003353185448296	0.4791725473999305	0.14094987940882547	1.2461710252843142E-5	7.38749504764139E-4	1.2584239632683515E-5	1.2394787897936446E-5	1.1930001078940058E-4	2.466045730535931E-5	0.0019994427807745766	0.0024640013888114426	0.0015852018302499036	0.0018310233526269133	1.6018672503589898E-4	2.539018310854077E-5	3.742300355636327E-4	0.05645776671906388	1.5432972076235302E-4	5.980750895223546E-4	1.0175710327072932E-5	0.09326406709027224
1	1	0.17007411912728393	0.0087920413395444	0.19865980847522446	2.5377248698890608E-6	0.011922320715347809	0.0027793973800130374	0.0037049703674050367	5.608367270144419E-7	0.014957208761979264	0.0032314720517585267	0.32477435950860567	0.05365227980028866	0.034739169010424106	0.009170068237079006	0.009997028707070666	4.796805799256967E-4	0.10268176639608338	0.026280822693419723	0.005343191663303997	0.0064813531735383985	0.012275843450107325
2	2	0.1284695725664724	0.03137558326048491	0.20357132437735595	8.772056682125758E-6	0.010938990961141799	8.85830765758398E-6	8.724948646500475E-6	1.9386229047767674E-6	1.7359008105681156E-5	2.589014462416886E-4	0.010758766342303617	0.0721617453279003	0.05559880115229615	0.2516447393239005	0.01256985996552433	1.7310897144872787E-5	0.13408679713947885	0.01840336246642381	0.004604993240551233	0.017317419873100044	0.048176178715682895
3	3	0.21847053056905574	0.004981915310232414	0.1629405021555601	1.1721300121809315E-5	3.712833439593877E-5	1.1836549441983527E-5	1.1658353945818691E-5	2.590405159625083E-6	0.008902530143905555	1.267035774731314E-4	1.555343313250345E-5	0.0010525316934859967	0.010601568333317298	0.2389061183363937	2.388163023570548E-5	0.004517609125289049	0.2803485394611622	8.02888759771433E-4	1.4433480936035719E-5	9.571122444369479E-6	0.06821018792453967
4	4	0.1847652640361646	0.008287696142962363	0.07712371389692146	0.01346419196326086	0.03258715133503496	0.18623600951360417	1.4462388250572261E-6	3.2134420792928456E-7	0.007087813224231736	0.008922882781075102	7.906554898029787E-4	0.02222849676107174	0.17166637292891038	0.0045470662613730775	0.0013764337991574198	0.00929079872654648	0.23890818118485538	0.007198134266707402	1.7904980932496731E-6	0.0014018560064289818	0.02411372360076468
5	5	0.11707322409082743	0.0020528984206120916	0.14502640095316816	8.269338009684029E-7	0.15299948221128407	4.2619155528001844E-4	4.107114748954683E-4	1.8275221711209596E-7	0.003976786167143719	0.0010452619813677054	0.002050542199133173	0.05641465638764323	0.10045923226733547	0.007813987831318469	0.005183300272917575	2.483314564905497E-5	0.18255082398907962	0.005044915105806332	1.0182772497594417E-6	0.19421844888309714	0.023226275100173503
6	6	0.13985217585319584	0.007136184816078821	0.11234602496500244	0.004463452427662409	0.10359745800130428	0.014710319482985602	4.559666823628529E-6	0.23374860073112882	0.004124950119913218	0.002236115027467421	6.083060557038234E-6	0.09726341367768562	0.08582081002119622	0.005032280769187138	0.0035249863140182267	3.520365491189875E-4	0.1517054792753469	5.677322705756915E-5	5.645039126395761E-6	4.6617067573920205E-5	0.033966033907569484
7	7	0.21063242337650978	0.0038535103414006175	0.12371286056914069	4.006487232981738E-4	0.010964833971346486	3.5732187237915656E-6	3.661194972055694E-5	7.819917674443073E-7	3.048349097229482E-4	5.1567639091567246E-6	0.0016924140301574472	0.013256915518718026	0.01005055511064703	0.002064128056555925	0.006890454520457034	7.31678302740562E-5	0.14883114286078716	0.04025123846582259	0.002320833907623723	2.8893313962444495E-6	0.4246510245520211
8	8	0.12769696563521385	0.19705851464608512	0.18392877214889475	1.8705313221354125E-5	2.3418904566544806E-4	1.888923263387694E-5	0.009990081387128466	4.133870763264745E-6	0.0024861504979495357	0.012972686048807278	2.4820782284171692E-5	0.22367622794591355	0.05575467804766094	4.153821369719769E-4	0.004411565864448989	3.6913322037383546E-5	0.03838578522914011	0.059360758871141533	0.03028733946540417	1.5273974844202538E-5	0.053222166533790034
9	9	0.19829183371821035	0.00395464568395689	0.1626089717037557	0.015865872528219284	0.01952638007155054	0.014648507249603619	0.28072259962274587	8.461117043565086E-7	0.003516561231988946	8.291168675422198E-4	0.004516632272079065	0.09247254802682289	0.025805745874166855	0.006601705749160493	0.01816142646524537	7.555338715486357E-6	0.10571443070435818	0.001587070759789153	0.006163341001447199	4.327978638792332E-4	0.038571411155058195
10	10	0.20130455894242652	0.011778276908568358	0.12105609689480935	6.845843288217619E-5	0.008803018866746493	6.677875986426151E-6	6.577342682310704E-6	0.21986248977386907	7.493174572301832E-5	9.637313732669078E-6	8.774845923731006E-6	0.007767898242133368	0.01680410756758014	0.008310465531767964	1.3473399984463837E-5	0.016649510271296148	0.2683123907870181	2.0050092418411895E-5	8.142997772764822E-6	5.399780489041635E-6	0.11912906238618957
11	11	0.18174296936804604	6.99583621379349E-5	0.24037914835770738	5.1711416923242565E-6	0.004707513697563292	5.372062110266423E-4	2.9531658465258866E-4	1.1428213578479223E-6	3.4876857896136025E-4	8.296936548272918E-4	6.861782028822493E-6	0.003414444744902659	0.008014136248588691	4.5336909189855036E-4	0.0011228666230249822	5.856700424771094E-5	0.11691198949152522	0.40533929550692277	6.367687394577222E-6	0.0021805216367649996	0.033574691404728206
12	12	0.1564545558322536	7.871534317673279E-4	0.25483408059538054	4.116420340461327E-6	4.750164065365095E-4	1.1965120818765454E-4	0.0072802360503036595	9.09728134106567E-7	0.001355579632074615	6.604668833871518E-4	9.679148432724198E-4	0.031052629353415323	0.017351509080437214	0.009138466399849474	0.36058163305873775	0.0033959565897462313	0.08301826912361687	0.008828546846747857	0.005048320594576951	0.014517146664152077	0.04412784125708213
13	13	0.14071430783980704	8.424905118106816E-4	0.12335113632236204	5.163400576219709E-6	0.026624037987806725	5.214169552358219E-6	1.0171528141141423E-4	1.141110572620167E-6	1.0679745417911747E-4	0.3342212637047565	6.851510051272921E-6	0.019055230119341245	0.04571647673565501	6.458496247000757E-4	0.002183561414514512	0.006046415121071002	0.2689947285396505	0.016772217617288938	6.358155068763746E-6	4.2162165144439875E-6	0.014594827163309407
14	14	0.18327010179153908	0.2517829753982469	0.1027100454217443	1.8383711902589992E-5	0.007279311660181509	1.8564469180113316E-5	1.8284986987029798E-5	4.062796931282679E-6	0.0038188497116619963	2.6791694564691584E-5	0.0015717682164187081	0.02142279633255047	0.0800698635360626	0.013990747134909217	3.745599937335468E-5	0.02668550064119016	0.17337895300004152	0.0019469742863353018	2.2637502028115226E-5	1.5011368685485132E-5	0.13191092033946558
15	15	0.2233550877236052	0.004050439250295334	0.1684175380230227	5.6434590965142465E-5	1.7267804710198503E-5	5.50499308768178E-6	5.4221171634564295E-6	1.2047567213677462E-6	1.0787751264088537E-5	7.944643714558845E-6	0.003627040752518934	0.002630810284014379	0.006460118742351876	0.002874149823979954	0.007250721161333553	6.174105124415477E-5	0.05798955702181818	0.018778345609033797	0.42795968120125816	4.451378601159334E-6	0.07643575131929609
16	16	0.2249443086835364	0.009617682773180373	0.10166196369581768	0.0017974331017340192	0.010535969241974929	6.239148884023352E-6	6.145220477228431E-6	1.365425248300641E-6	0.3885989318911523	9.004155713940518E-6	0.0021461475110168553	0.0011326227718256852	0.010499684352228514	0.009382387054648432	0.006946477384635556	9.367110950956264E-4	0.19417344566442726	0.002503376448011942	0.004110159105384974	5.045022471315065E-6	0.030984900252534565
17	17	0.2642175453984785	0.0249707331228077	0.1490674348862508	2.826431191823318E-4	8.952989970956323E-4	2.854221988918491E-4	2.8112525825072014E-4	6.24640770779464E-5	0.06135684473794015	4.1191290203356065E-4	0.018878643644772077	0.022736991503995416	0.0071654866525723325	0.09350778198764785	5.758728460863731E-4	0.13801304063581912	0.10950123323487009	0.011430452528861157	3.480436495973057E-4	2.3079452566180294E-4	0.09578023409210729
18	18	0.16261519653047385	0.022612978889380138	0.11307031344577995	0.17280291745040685	0.12003728342781157	0.04621427220776783	0.012182091911107789	7.993985765059067E-7	0.006197892577223748	0.0049781566605748475	3.862893713137091E-5	0.0878408231883574	0.04051753671628769	0.0029558034422320725	1.426864685015881E-4	0.012929873668710214	0.14838902604070137	0.00880654638200071	2.750873729025817E-4	2.9536467023946426E-6	0.037389131637369497
19	19	0.1824641084048138	0.004592474666197225	0.07290695566040929	0.28740343029029586	0.021543560026995603	0.03238378578921243	0.004188629037746198	6.22094931661688E-7	5.58415795402939E-4	4.102340747328625E-6	3.0061181882435175E-5	0.0499298747405533	0.034005538258786674	0.0012735043481439114	5.73525769675395E-6	0.007745390189047699	0.26779895230159906	0.0021935902924628933	1.3509610173965494E-4	5.495047896121203E-5	0.030781222742374045
20	20	0.1941443188104946	0.002088158141781846	0.11494655381957122	0.0022836987944279564	0.0019807956633364756	3.7301093571544463E-6	7.276501447612459E-5	8.163269686067795E-7	4.185516569003138E-5	0.00594721440677983	4.901428980446602E-6	0.004960790497424684	0.0021318301949532045	0.0021893040193604837	1.1116252531044067E-4	0.415728201799683	0.19685510875265766	5.293824802316225E-4	3.909402336714801E-5	3.016194336297287E-6	0.05593730183081114
