0	0	5.184143215648733E-4	0.03563323406270877	0.44974347554094846	0.05565764208618473	3.8614127442029774E-4	0.0012363155911596882	0.4568247771230133
1	1	0.06255725546678245	0.3795462595219587	0.4434448786043828	0.043975449356946826	0.007469025147824999	0.05647681743872	0.006530314463384243
2	2	0.09887678712323467	0.0768292128473317	0.48969000440351274	0.2469383238922684	0.0043185440673256595	0.047526613670381336	0.03582051399594556
3	3	0.021477040269317762	0.014925741564635633	0.7288552926449918	3.88697707956632E-4	3.319074688627064E-5	0.019160138716413887	0.21515989834979807
4	4	0.034306377285094884	0.004171028736269681	0.4769832834249774	0.012185155753145497	0.0192438263937958	0.4298461796203049	0.02326414878641177
5	5	0.40706803181439016	0.011175262366040375	0.49837219996917814	0.012293040329387522	0.007932065349353257	0.0586531441154776	0.004506256056172933
6	6	0.2874594880260978	0.018924460129401206	0.4283622580809249	0.01620211301391515	0.023634658481329427	0.14859027081360993	0.0768267514547217
7	7	0.011117929598074934	0.025374637492508	0.7638731887549013	0.06613485214899543	0.006115297007707782	0.003205676785504326	0.12417841821230825
8	8	0.042532868290031216	0.0575585926606274	0.4527621112284602	0.2896050478686389	0.06050671054667121	0.05041872834835062	0.0466159410572204
9	9	0.047094164606214156	0.12875967369138042	0.504048719737696	0.0234130035841771	0.24208328475657998	0.04370526727153369	0.010895886352418682
10	10	0.03652721795183447	3.4146088579085535E-4	0.6120269033085443	1.5737471870324611E-4	0.002410205701108239	0.029739010921283168	0.3187978265127359
11	11	2.1000143147881663E-5	0.022539718748781343	0.5900579820859034	0.38069129356468606	7.489445758463954E-4	0.00316058349988345	0.0027804773817514204
12	12	0.04257245730032029	0.44119770745177306	0.48786588659759644	0.015179343635288793	1.6541130091663915E-4	0.008755992154040299	0.0042632015600645515
13	13	0.043103942958065536	1.6528532158734948E-4	0.5172064120632688	0.2896902427832781	0.004838973563222033	0.11243918003627572	0.03255596327430245
14	14	0.03684692554322125	0.00490752382869059	0.5112464047854113	0.025637547294880932	0.00523088429517863	0.07433336743009764	0.34179734682251967
15	15	1.252610565200057E-4	0.4655912304797147	0.44340985522577125	0.0397343222241156	1.5415473909155978E-5	5.446888518358448E-4	0.05057922668813358
16	16	0.012425425261680513	0.031727652457759055	0.5683856582429639	0.011961685382032754	0.010195117056814479	0.03600555179519956	0.3292989098035498
17	17	0.0037972945444544296	0.07022299047146259	0.542896878659013	0.038533563131277385	0.008766410515914699	0.009466108638176405	0.32631675403970145
18	18	0.08701940146333936	0.002342927042040819	0.44777124230674936	0.01953414116400622	0.2771173363236322	0.12896838514743061	0.03724656655280141
19	19	0.015974585689216395	3.806382253262266E-5	0.48002319725411075	4.938623767821544E-4	0.35157065751083366	0.12027240121825739	0.03162723212826708
20	20	6.568332335452862E-4	0.0020467361933927688	0.5777210064694962	0.004651219714307473	0.006746865497022292	0.014240929385184564	0.3939364095070515
