0	0	0.8784222882817386	0.0906080376931837	0.009754633847345644	0.02121504017773214
1	1	0.2639496865814357	0.49588113126291816	0.08229075362883594	0.15787842852681025
2	2	0.4065407499590031	0.2624255641857026	0.040358045286497	0.29067564056879736
3	3	0.8558094374916204	0.03354408180884189	0.026948440323564856	0.08369804037597293
4	4	0.3828757039753897	0.006102906987258566	0.4476171905742303	0.16340419846312149
5	5	0.24613599477567238	0.02610096678284441	0.05470895348896721	0.6730540849525161
6	6	0.33449601399922246	0.020961017409466227	0.17205074635721201	0.47249222223409926
7	7	0.8540168193878821	0.07036419289413882	0.009983998878924412	0.06563498883905464
8	8	0.4015549018182853	0.3180760064534258	0.1497103054282252	0.13065878630006378
9	9	0.27575711197026676	0.3912084925257106	0.19851439504693214	0.13452000045709045
10	10	0.8423274540639539	6.643943230580354E-4	0.05349883974882544	0.10350931186416251
11	11	0.6468117562619263	0.31668578756231236	0.006271153468835909	0.030231302706925308
12	12	0.30134885476961853	0.5606137028241106	0.0014102866175920205	0.1366271557886788
13	13	0.6964699153389158	0.008731073664948161	0.11529293288855677	0.1795060781075792
14	14	0.7888913266899485	0.030771720751981733	0.09617309133032816	0.08416386122774165
15	15	0.3974333086709491	0.5971864557382788	0.003601948982702226	0.0017782866080697784
16	16	0.8046521510552344	0.07392186844471726	0.0752447581502095	0.04618122234983872
17	17	0.748381548545793	0.2341081643678001	0.001677779029656691	0.015832508056750284
18	18	0.31233487390582343	0.04570637021666515	0.43098284866542147	0.2109759072120899
19	19	0.3601942268878568	0.0114472407132801	0.5496839013542498	0.07867463104461338
20	20	0.9354783232533889	0.006729127834976143	0.040208764111298145	0.017583784800336785
