0	0	2.4042869745988086E-4	5.163787097238463E-5	0.03414271832271479	0.1373003618406622	0.12579217947085794	9.909371744513379E-5	0.009351875710523634	0.0015540592737261914	0.039406347579146114	9.970481519083063E-5	1.2946004627294467E-4	2.4262206975503985E-5	2.4476114869802683E-5	1.7531286302163044E-5	1.2418883271542232E-4	1.0775270625884734E-4	4.907889352044807E-5	0.005296797504196076	0.21152381522412778	0.10174575323264043	1.0642568175586008E-4	0.11931186371807148	5.269951520185375E-5	0.05184741020385542	2.6187502658273127E-5	0.03204752980405217	0.054843514436151944	0.012395947249102365	0.0011397138056153688	0.061147184736956774
1	1	0.01945557484904901	5.069765016777496E-5	0.03959037205978276	0.15401992484381816	0.058762310417473304	9.728942201246863E-5	7.761204721140381E-5	0.002537316897019387	2.4979024512637943E-4	9.788939290875562E-5	1.2710284163651325E-4	2.3820441439192193E-5	2.4030454504972546E-5	1.721207716742398E-5	0.010237466485174764	1.0579074821778591E-4	4.8185266500468375E-5	1.4258413473913168E-4	0.07617039051903923	0.1049509390514634	1.0448788613711469E-4	0.20210996346855242	5.173996401098214E-5	0.0852962063038007	0.0010372645692957173	0.07293771874726641	0.05586803314737989	3.159555889277095E-5	0.030454024679947317	0.08532266583026435
2	2	0.028530699500142937	5.0646418586145945E-5	0.08704535372508702	0.0942429136720007	0.05263973915727221	9.719110796933296E-5	7.753361777889665E-5	0.02880857655479415	0.007323259588715598	9.77904725760218E-5	1.26974400188339E-4	2.3796370128470838E-5	2.4006170969394868E-5	1.719468381815652E-5	1.2180439446842819E-4	1.0568384331519224E-4	4.813657376212912E-5	1.424400489538198E-4	0.04072480910356513	0.14829774507055996	1.0438229781792905E-4	0.13925276074723297	0.011167536166281022	0.11653649388522129	0.003057279741885925	0.04760072085552432	0.022464031268520406	3.156363057954198E-5	0.0021283628650232093	0.1691105740672613
3	3	0.016354738388539704	5.049334321719731E-5	0.03137100709978824	0.05265149674888238	0.06356289070011668	9.689735443006489E-5	7.729927767196017E-5	0.11838699470640307	2.487836130024659E-4	9.749490749783617E-5	1.2659062866611772E-4	2.3724447211930193E-5	2.393361394402626E-5	1.7142714051233268E-5	0.013218642671326277	1.0536442105871292E-4	4.7991084229122404E-5	1.4200953355598215E-4	0.10709523065614864	0.1377747510119929	1.0406680939453722E-4	0.13983935612917192	5.1531456629770215E-5	0.07387021870916237	2.5607069672423186E-5	0.0907783798372157	0.02944847717566717	0.0010389456487512822	0.004136884866670996	0.11923305537592926
4	4	6.71373821077375E-4	1.441937468916965E-4	0.0867090755898279	0.08706165119186306	0.0808196305583212	2.767095959374923E-4	2.207434043651401E-4	0.06763469056153756	0.0035875023015663195	2.7841602712858884E-4	0.0032385560220627766	6.77498600500147E-5	6.834717710023037E-5	0.002926005814604388	3.467852716259245E-4	3.0088898245810166E-4	1.3704805052471364E-4	4.0553636248045143E-4	8.642040620102225E-4	0.20643476094189525	2.971833952272657E-4	0.23822411253871464	1.4715828544509596E-4	0.11888540229465538	7.312606153053963E-5	0.08085846484113936	0.017923779688126258	8.986377094025096E-5	3.054888758884395E-4	0.0010015509050042505
5	5	0.11740028867869015	5.018995175941756E-5	1.3837073712126286E-4	0.2546227748313088	0.004096957537629057	9.631514244443575E-5	7.68348215863859E-5	0.028548930169331355	0.10739965090606904	0.038151019016960004	1.2583000334552718E-4	2.358189783480369E-5	2.3789807779455584E-5	1.7039711305229043E-5	1.2070659393333202E-4	1.0473133433348624E-4	4.770272770374689E-5	1.4115626307201274E-4	0.062389090703703805	0.07886433659101676	1.0344151942566183E-4	0.21210307323963903	5.12218276222163E-5	0.012339505626109838	0.004031148988673028	1.0477892321261967E-4	0.019257295264040974	3.1279153400446605E-5	0.011121995828635368	0.048416962202312744
6	6	0.15529887857491745	5.0139740622559573E-5	0.006140764898406581	0.08629713204861224	9.11704571531832E-5	9.621878664752333E-5	7.675795433294388E-5	0.07954189620734645	0.013252528671895048	9.681215507823684E-5	0.05314807533568135	2.355830598308743E-5	2.3766007930036215E-5	0.009020821550044248	1.2058583638933794E-4	0.004106314952411228	4.765500484079788E-5	0.03015367799936964	0.19738365856330584	0.027763911947272762	0.05312570924969554	0.2479060761806016	5.117058417394236E-5	3.220957311410745E-4	2.5427744523793412E-5	1.046741000623907E-4	2.3000997061305178E-4	3.1247861044165405E-5	1.0622605577777447E-4	0.03536303752412616
7	7	0.12004391595814401	5.003961914099076E-5	1.3795627895790783E-4	0.02122722328577769	9.098840353399524E-5	0.012077119532972812	0.1268765043343275	0.05741772611834403	2.4654808832153273E-4	0.005088740869464257	0.3735361812231078	2.3511263607738227E-5	2.3718550805300698E-5	1.6988672714276998E-5	1.2034504470502511E-4	1.0441763537244407E-4	4.7559845000926615E-5	1.407334614973733E-4	0.01627469562175626	0.024713198392470333	1.0313168381267205E-4	0.21446303980462159	5.1068404253651116E-5	0.00431515018156094	2.5376969162312383E-5	0.0011028894884344855	0.016204341183069803	3.118546378991653E-5	0.0031012871585781466	0.0023444174626942407
8	8	0.09374161438668575	5.039180600408463E-5	0.015220699404235203	0.019365720931350226	9.162879450756096E-5	0.0011021539810446837	0.01515891600319148	0.0045329129584590535	0.04247724540052305	9.729885470019457E-5	0.2756200409819391	0.0010291282174419425	2.3885485769008456E-5	1.7108241716880943E-5	1.2119205242632958E-4	1.0515254343299276E-4	4.789457881600447E-5	1.417239661652336E-4	0.04655278387283163	0.0711379018237703	0.001109309018930978	0.20089069289987793	5.142783187132796E-5	0.005350972378240556	2.5555576340335115E-5	1.0520032370536158E-4	0.11485263475811482	3.140495208448873E-5	1.0676008150158285E-4	0.09084064789432188
9	9	0.048398972249745244	5.029067633440555E-5	0.017197020819823473	0.012302820808088036	9.14449076724495E-5	9.650843415816614E-5	0.25896287589389083	0.04265429546569796	0.0032580860717616234	9.710358880646602E-5	0.3503244333777744	2.3629223575386317E-5	2.383755076771582E-5	1.707390774533252E-5	1.2094883605443351E-4	0.004118676196460566	4.779846075001E-5	1.4143954496622483E-4	0.04645935861128574	0.011792550958523159	1.0364911283260919E-4	0.11619910364447672	5.1324623035172395E-5	3.230653362459014E-4	2.5504289688819846E-5	1.0498920061154763E-4	0.002237569709976298	3.134192651183245E-5	1.0654582818078917E-4	0.08463774074455868
10	10	0.15138889550063167	4.98405709709807E-5	0.03195989912087027	0.03009286115810541	9.062646882053251E-5	0.018990249067410307	0.03388769729268058	5.05516056765392E-4	0.0032289259545731325	9.623450432967423E-5	0.23680473539876143	2.3417740234137827E-5	2.362420288231224E-5	1.692109497742115E-5	0.009069942098989613	0.003087360869767285	4.737066090488616E-5	0.025995948080180263	0.004276523598912669	0.043509498339969914	1.0272144541986715E-4	0.36874459284826994	5.0865263770439554E-5	0.014242513954625318	2.5276024363793277E-5	0.009054125303493109	0.003211996154231201	3.106141389495614E-5	1.0559223494621365E-4	0.01128516757624726
11	11	0.0032154189602942294	4.98405709709807E-5	0.04787114492385953	0.011198256767055671	9.062646882053251E-5	0.14130795117789022	0.16117766371659464	0.08801736797320629	2.455673665126475E-4	9.623450432967423E-5	0.28652737853310284	2.3417740234137827E-5	2.362420288231224E-5	1.692109497742115E-5	1.1986633480815677E-4	1.0400228170679961E-4	4.737066090488616E-5	1.4017365032272577E-4	0.0012931650108521844	0.01566481818473872	1.0272144541986715E-4	0.18775417183926715	0.0030342238518309248	0.007281343915817518	2.5276024363793277E-5	1.0404953931165343E-4	0.0012230904288575441	3.106141389495614E-5	1.0559223494621365E-4	0.04310765918222577
12	12	0.11570365427412206	4.989018440768489E-5	0.020046399968463538	0.0012549761548171486	0.005067930600348088	0.10660811773171516	0.012021689316925911	0.09606852649588887	2.4581181477553325E-4	9.633030027254375E-5	0.24898577436709102	2.3441051254662415E-5	2.364771942459004E-5	1.6937938959307246E-5	1.1998565488613964E-4	1.0410581002760389E-4	4.741781568743889E-5	0.001135755968784025	0.016226094036819752	0.02663028223469628	1.0282369874143262E-4	0.19789549821084404	0.002041801464455462	3.204925917850904E-4	2.530118519984463E-5	0.02499022270499052	2.288651617860232E-4	3.1092333755266676E-5	1.0569734597449638E-4	0.1237814358631004
13	13	0.17959076475611052	4.993989671748667E-5	0.033020025701727254	0.1068783024526575	9.080707553296446E-5	9.583528370502176E-5	0.0010728866945046275	0.03338886783583316	2.4605675019187095E-4	9.64262871242121E-5	0.14261536195342814	2.3464408731005433E-5	2.367128283226427E-5	1.6954816509048657E-5	1.2010521275344931E-4	0.010068556317881967	4.746506444331269E-5	1.4045299809478236E-4	0.009267219538344921	7.495159610224297E-4	1.0292615584050905E-4	0.3196577187809719	5.096663159582349E-5	0.006299420005646454	2.532639617815509E-5	0.0030935609284144547	0.007204135952220255	3.112331523481928E-5	1.0580266647532622E-4	0.14582633887927637
14	14	0.11956640389465314	4.98405709709807E-5	0.043893333473112216	0.08976003291931511	9.062646882053251E-5	9.564467636056804E-5	0.16913328661808927	0.021389026173188788	0.011184548856067759	0.010040763131197958	0.2179101310077117	0.024884739307404848	2.362420288231224E-5	1.692109497742115E-5	0.0011143191974949851	1.0400228170679961E-4	4.737066090488616E-5	0.0011346265130095542	0.01024324077503364	0.036548328301162114	1.0272144541986715E-4	0.153942774507915	5.0865263770439554E-5	0.0311482126203014	2.5276024363793277E-5	1.0404953931165343E-4	0.044979016387078	3.106141389495614E-5	1.0559223494621365E-4	0.012279620438934088
15	15	0.05614475392776941	5.003961914099076E-5	0.011120624752928542	2.60310744561026E-4	9.098840353399524E-5	0.026055061227117256	0.17480087585710846	0.016482325442635306	2.4654808832153273E-4	9.66188358412414E-5	0.49035183680988637	0.0199919993980998	2.3718550805300698E-5	0.0010154130794388801	1.2034504470502511E-4	1.0441763537244407E-4	4.7559845000926615E-5	1.407334614973733E-4	0.001298329520887213	0.008738407884876684	1.0313168381267205E-4	0.18950242963650651	5.1068404253651116E-5	3.214525546625284E-4	2.5376969162312383E-5	1.0446508170988225E-4	2.2955067547615163E-4	3.118546378991653E-5	1.0601393840433724E-4	0.0023444174626942407
16	16	0.0683401156683895	6.544769188816052E-4	0.10627289190598652	0.016463216899797503	0.001190053222249731	0.0012559493575693514	0.001001925993786993	0.03275527247302328	0.003224645510314165	0.001263694629831894	0.22363646559269604	3.075079233047308E-4	3.1021906876733E-4	2.2219781774517842E-4	0.04074971547372931	0.0013656964910725943	6.220435197756156E-4	0.0018406775240400089	0.003922511370858819	0.0620568941957395	0.0013488773060124674	0.15411041409754017	0.02678506698842588	0.004204334108726528	3.319098121252182E-4	0.001366317050007131	0.23805654306314125	4.078801278964796E-4	0.0013865748172439258	0.004545911071321305
17	17	0.1275220267961478	4.98405709709807E-5	0.015054200455194192	0.043020748373034184	9.062646882053251E-5	9.564467636056804E-5	0.04283777305686204	0.002494421782139049	0.04599039905010675	9.623450432967423E-5	0.30741088864952626	2.3417740234137827E-5	2.362420288231224E-5	1.692109497742115E-5	1.1986633480815677E-4	0.001098455144393628	4.737066090488616E-5	0.0011346265130095542	0.011237693637720468	0.016659271047425546	0.006069438621540838	0.34388327128109925	5.0865263770439554E-5	0.01324806109193849	2.5276024363793277E-5	0.001098502401998482	0.020117694819907283	3.106141389495614E-5	1.0559223494621365E-4	3.4618608669214663E-4
18	18	0.13774050830860693	0.0010463745740390009	0.018073505541904542	0.04111361374943758	9.080707553296446E-5	0.010060182056920162	0.012033668145041282	0.04634251864101284	0.019178315619300636	0.03696450934802024	0.3279522119352297	2.3464408731005433E-5	2.367128283226427E-5	1.6954816509048657E-5	1.2010521275344931E-4	1.0420954466682604E-4	4.746506444331269E-5	0.00910836509398841	2.9930744245129437E-4	0.022671078862095736	1.0292615584050905E-4	0.2369536405632862	5.096663159582349E-5	3.208119417173697E-4	2.532639617815509E-5	0.0020971262510929406	0.0032183972429341997	0.015974078152379046	0.0011022373437968402	0.05714365259766162
19	19	0.13302343324556387	5.003961914099076E-5	1.3795627895790783E-4	0.03820043820009595	9.098840353399524E-5	9.60266522775747E-5	0.14684499246881957	0.0464350576443734	2.4654808832153273E-4	0.007085589682913463	0.4064841866450197	2.3511263607738227E-5	2.3718550805300698E-5	1.6988672714276998E-5	0.00810774029850185	1.0441763537244407E-4	4.7559845000926615E-5	1.407334614973733E-4	0.004293602741061022	0.01073525669832589	1.0313168381267205E-4	0.18950242963650651	0.0010494928109782543	0.005313574588285543	2.5376969162312383E-5	1.0446508170988225E-4	2.2955067547615163E-4	3.118546378991653E-5	1.0601393840433724E-4	0.0013459930559696373
20	20	2.3275476315531572E-4	4.9989708196242594E-5	1.3781867742666254E-4	2.600511031926028E-4	9.089764910261731E-5	0.015057359118302091	0.15767023912783087	0.12518559741978275	2.463021742193628E-4	9.652246545593296E-5	0.492855031537596	2.3487812802175954E-5	2.3694893245569586E-5	1.6971727727089988E-5	1.202250091216194E-4	1.0431348624182971E-4	4.7512407453702595E-5	0.03305573523057285	0.00129703452995614	0.035660262789721495	1.0302881732685694E-4	0.12448055877136727	5.101746716926006E-5	3.211319287071286E-4	2.5351657448764617E-5	1.0436088525493634E-4	2.2932171507882498E-4	3.115435851799632E-5	1.0590819707550486E-4	0.012316364570950518
21	21	0.0022298359646408376	5.003961914099076E-5	0.03308596170086981	2.60310744561026E-4	9.098840353399524E-5	0.02705348563384186	0.1248796555208783	0.02446972069643213	2.4654808832153273E-4	0.004090316462739654	0.433441645626584	2.3511263607738227E-5	0.004017416177703714	1.6988672714276998E-5	1.2034504470502511E-4	1.0441763537244407E-4	4.7559845000926615E-5	0.008128128715294199	2.9990511416260975E-4	0.1095792729640616	0.0011015560905372752	0.13658593608010255	0.02101798094547032	3.214525546625284E-4	2.5376969162312383E-5	0.0011028894884344855	2.2955067547615163E-4	3.118546378991653E-5	0.04004299020738846	0.027305027630809317
22	22	0.17045300737281688	4.989018440768489E-5	0.005114758214274044	0.0360954735812593	9.07166822849242E-5	0.021995481124641367	0.06876192798284599	0.04530094453164458	0.05200883656263244	9.633030027254375E-5	0.3773978934531207	2.3441051254662415E-5	2.364771942459004E-5	1.6937938959307246E-5	1.1998565488613964E-4	0.004085876944478135	0.002038303382912705	1.4031318517139217E-4	0.006271666200693422	0.04056648120527314	0.004084594833191965	0.14911880181382503	5.091589723019639E-5	0.011270363211524054	2.530118519984463E-5	0.0020950386818999653	2.288651617860232E-4	3.1092333755266676E-5	0.0011011401295871295	0.0013419734787465643
23	23	0.0998759905703894	4.993989671748667E-5	0.011098462800653946	2.59791979255506E-4	9.080707553296446E-5	9.583528370502176E-5	0.007051494758433712	0.1928184162072754	0.024160489005908208	9.64262871242121E-5	0.34887734015898153	2.3464408731005433E-5	0.004009409992118321	1.6954816509048657E-5	0.00510227859936102	1.0420954466682604E-4	4.746506444331269E-5	0.008111930416666895	0.05311034534049154	0.052564119181741156	1.0292615584050905E-4	0.12834226073524116	5.096663159582349E-5	0.016263766778861592	2.532639617815509E-5	1.0425689644991235E-4	0.03211500288525811	3.112331523481928E-5	1.0580266647532622E-4	0.015293396150158031
24	24	0.11880824943949816	4.993989671748667E-5	0.07885602085851691	0.15769647099605474	9.080707553296446E-5	0.004081573992991078	7.645201718311346E-5	0.01047087025743834	2.4605675019187095E-4	0.003085730319088754	0.15058683937200024	2.3464408731005433E-5	2.367128283226427E-5	1.6954816509048657E-5	1.2010521275344931E-4	1.0420954466682604E-4	4.746506444331269E-5	1.4045299809478236E-4	2.9930744245129437E-4	0.04359620708584753	1.0292615584050905E-4	0.27581459297882527	5.096663159582349E-5	0.021245940165469164	2.532639617815509E-5	1.0425689644991235E-4	0.06200804320490353	3.112331523481928E-5	1.0580266647532622E-4	0.07209017275748432
25	25	0.0012351110529771577	5.018995175941756E-5	1.3837073712126286E-4	0.018286723799685795	0.1012350802074063	9.631514244443575E-5	7.68348215863859E-5	0.021538962553986605	0.2846516891797863	0.028136779566467502	1.2583000334552718E-4	2.358189783480369E-5	2.3789807779455584E-5	1.7039711305229043E-5	0.04618620806619883	0.011120394729875235	4.770272770374689E-5	1.4115626307201274E-4	0.024334980791832304	0.0418116506241945	0.022134768310509163	0.13799770130599454	5.12218276222163E-5	0.008333809845912837	2.5453208476028133E-5	1.0477892321261967E-4	0.02526583893433647	0.031075421449927195	1.0633243309361847E-4	0.1956262821245525
26	26	0.010217231218437662	5.003961914099076E-5	1.3795627895790783E-4	2.60310744561026E-4	0.10292870229616811	9.60266522775747E-5	0.0010750290870275145	0.08038148747300991	0.2897896260384565	9.66188358412414E-5	0.00911127276862764	2.3511263607738227E-5	2.3718550805300698E-5	1.6988672714276998E-5	0.051039989787659786	0.004098115262270856	4.7559845000926615E-5	0.0410761341372061	0.04023688138314673	0.03270059364626716	1.0313168381267205E-4	0.07468362286317716	5.1068404253651116E-5	0.0073104234017347496	2.5376969162312383E-5	1.0446508170988225E-4	0.029183858470489644	3.118546378991653E-5	1.0601393840433724E-4	0.22499306016228074
27	27	2.34391283058003E-4	5.0341190379823476E-5	0.0011432292536182752	0.2142079319410854	0.021184809530070466	9.660537124037721E-5	7.706634985067993E-5	0.0075416845939121615	0.03540348856608811	9.720112368674079E-5	0.006152858533238083	2.365295774958872E-5	0.0040416277363529325	1.709105748787275E-5	0.015187693730186531	0.0011094884843878034	4.7846471510517136E-5	1.415816127234927E-4	0.035457167156015	0.42161655258698016	1.0375322230925134E-4	0.15649348127505994	0.0030647008572385207	0.020412221047289014	2.552990725735534E-5	0.002113977777207312	0.004248700339066865	0.012084672134120981	1.0665284723871607E-4	0.03751400106359004
28	28	0.020154881447351294	0.004328747685436762	0.01193410208714646	0.02251854735020973	0.007871079915488934	0.008306920714476128	0.0066267956920402155	0.043905023920139334	0.02132798940103129	0.008358148387159913	0.010852497694187299	0.002033874950905059	0.0020518066216905825	0.0014696290450046216	0.01041061747997842	0.00903279451755431	0.004114231333124731	0.012174346171656266	0.025943714022367375	0.4968179477333243	0.00892155146787676	0.06922387762366052	0.004417744189640614	0.027807705691214882	0.0021952704359169276	0.009036898929755956	0.019857604278683615	0.002697742439236326	0.09554099356180373	0.0300669152119377
29	29	0.0012720531221995716	5.1691129056549495E-5	1.4250939439970652E-4	0.03017881916750955	0.054756943357895056	0.015569842704012182	7.913294473158342E-5	0.07065788439412655	0.3571109376488559	0.030009724763427326	1.2959356831617684E-4	2.428723044445796E-5	2.4501358958321785E-5	1.754936765803262E-5	0.013532210797308052	1.0786383986274813E-4	4.912951233552718E-5	0.019741530827811826	0.10654157777748435	0.005932681348070339	0.008357547064639436	0.07302297881386255	5.275386824087755E-5	0.0034261911464431405	0.012402731938744107	0.002170665756606687	0.024990161630461687	3.2214710286082514E-5	0.015580159610994399	0.15403413120525725
30	30	0.0062297535295109925	0.0010495118841458728	1.380941555332182E-4	0.059226483908371215	0.06105583685142024	0.027080523489440594	7.668124072518931E-5	0.07746355575753609	0.33205498292021185	9.67153988559653E-5	1.255784887343239E-4	2.3534761287814416E-5	2.3742255652815165E-5	1.7005651571858595E-5	1.2046532022089755E-4	1.0452199268097625E-4	4.7607377368431405E-5	1.4087411365071789E-4	0.08125340744397706	0.001751185464112533	0.012096301807463588	0.1207316870355102	5.1119443153353595E-5	3.2177382149935836E-4	2.540233147003978E-5	1.0456948643733995E-4	0.06519222662276425	0.015022550445675178	1.061198910936441E-4	0.13826818710992436
31	31	0.040129896751819404	4.9989708196242594E-5	1.3781867742666254E-4	0.0042497653020590115	0.04497518238634972	0.006080502170852672	7.652827260773532E-5	0.14712902551354798	0.16980915562604174	0.004086236664322341	0.0031176136267443426	2.3487812802175954E-5	2.3694893245569586E-5	1.6971727727089988E-5	1.202250091216194E-4	1.0431348624182971E-4	4.7512407453702595E-5	1.405930899249754E-4	0.11400646064793218	0.07156769057951919	1.0302881732685694E-4	0.0995448450284522	0.014015017163201691	0.003313417577856935	0.009002208604898185	1.0436088525493634E-4	0.034141892405443304	0.04391801054604849	0.011077622243958129	0.17888693237362308
32	32	2.3368710792790771E-4	5.018995175941756E-5	0.012155458077712261	0.028300963250178293	0.1292749506687853	9.631514244443575E-5	7.68348215863859E-5	0.06960731191635061	0.21054631724614178	9.6909105088504E-5	0.002128677893444027	2.358189783480369E-5	2.3789807779455584E-5	1.7039711305229043E-5	1.2070659393333202E-4	1.0473133433348624E-4	0.0010491266727529968	0.04220096195514051	0.06339051464875305	0.06284155347022875	1.0344151942566183E-4	0.12497919002035429	5.12218276222163E-5	0.013340929571159087	0.001026877153525278	0.00210762681331112	0.04529431783532147	0.033078269340025696	0.017130539498930866	0.14054796514684373
33	33	0.017206202065509883	5.003961914099076E-5	0.01711117119327616	0.07015001921528324	0.05799960399356098	0.04502512495488471	7.660468030291136E-5	0.18321920136564404	0.13403541858941836	0.014074560529985685	0.00911127276862764	2.3511263607738227E-5	0.02198905549874657	1.6988672714276998E-5	0.05303683860110899	1.0441763537244407E-4	4.7559845000926615E-5	1.407334614973733E-4	0.08915967731265229	0.02371477398574573	1.0313168381267205E-4	0.09565053540439382	0.007040039251325873	0.030274184756400622	2.5376969162312383E-5	1.0446508170988225E-4	0.024191736436866628	3.118546378991653E-5	1.0601393840433724E-4	0.10618055576205296
34	34	0.014267910565903924	0.004059951464568774	0.03221619905184625	0.20976876476805467	0.034173898449309376	0.002101267291924017	0.0030841952437023865	0.02557026500984572	0.0874587552968425	0.054228107463056216	0.032203645746890344	2.360553698477599E-5	2.3813655344136353E-5	1.7056792385549666E-5	0.05124464540641062	1.0483631993457957E-4	4.775054624414496E-5	1.4129776203429574E-4	0.0053132466483161314	0.11603322100377338	0.01914967341686093	0.13713360623790288	0.008070695575819044	0.008342163888584391	2.5478723479810104E-5	1.0488395651812842E-4	0.05035186111997106	3.1310508493383546E-5	0.0031137224244354345	0.10159417012456312
35	35	0.02217618285692056	4.9989708196242594E-5	0.002132675776859867	0.0980080489754196	0.08985946712359681	0.0010933594222696616	7.652827260773532E-5	0.055365598939620585	0.19474486936895677	0.03700137880497022	0.007107327825610751	2.3487812802175954E-5	2.3694893245569586E-5	1.6971727727089988E-5	0.003112510658271426	1.0431348624182971E-4	4.7512407453702595E-5	1.405930899249754E-4	0.021245605524288183	0.06259083363206976	0.00608760011562647	0.1444291297656993	0.05590701625129898	0.012290274525306354	2.5351657448764617E-5	1.0436088525493634E-4	0.09598246248787264	0.016987439703700234	0.003098193846225311	0.07016722045451344
36	36	0.01624020689665704	5.0139740622559573E-5	0.004139920701597078	0.12331274968958802	0.03810721019653372	9.621878664752333E-5	0.029088998808070726	0.057532610042441916	0.02525759385275206	9.681215507823684E-5	0.1271793106176329	2.355830598308743E-5	2.3766007930036215E-5	1.7022664401488857E-5	0.0031218521316035914	1.046265587922236E-4	4.765500484079788E-5	0.006143547637655613	0.03331443442492666	0.26386352717079403	1.0333803424373582E-4	0.10784698240393643	5.117058417394236E-5	0.03433644707690261	2.5427744523793412E-5	1.046741000623907E-4	0.0422477381036126	0.015037579337115432	1.0622605577777447E-4	0.07237865516510193
37	37	0.00819583364395771	4.989018440768489E-5	0.004119315430661411	0.0022504189384297815	9.07166822849242E-5	9.573988516344214E-5	0.12948393778321662	0.04530094453164458	0.08087667728739881	9.633030027254375E-5	0.3584844805644806	2.3441051254662415E-5	2.364771942459004E-5	1.6937938959307246E-5	1.1998565488613964E-4	1.0410581002760389E-4	4.741781568743889E-5	1.4031318517139217E-4	0.0749572182699651	0.04753458069056157	0.011052694318480395	0.1570823440827261	5.091589723019639E-5	0.011270363211524054	2.530118519984463E-5	1.0415311467469943E-4	0.012174178565137618	0.011976405737106862	0.023000881369065054	0.021250829150999222
38	38	2.3229137505664685E-4	4.989018440768489E-5	1.3754429621087971E-4	0.014195732341781377	9.07166822849242E-5	9.573988516344214E-5	0.043875858392530165	0.03534651669551825	0.06395414996598404	9.633030027254375E-5	0.4391153460371039	0.0030097694020925613	2.364771942459004E-5	1.6937938959307246E-5	1.1998565488613964E-4	0.01603119034782973	4.741781568743889E-5	1.4031318517139217E-4	0.016226094036819752	0.06943432193003951	0.08770178865665314	0.11029653325293236	0.0010463586808428294	3.204925917850904E-4	2.530118519984463E-5	1.0415311467469943E-4	2.288651617860232E-4	3.1092333755266676E-5	0.09765909014001253	3.4653069513393143E-4
39	39	0.0032186197258945457	4.989018440768489E-5	0.0031238726470487785	0.0012549761548171486	9.07166822849242E-5	9.573988516344214E-5	7.63759135743159E-5	0.021410317724941393	0.011195682434514496	9.633030027254375E-5	0.13550529703525085	2.3441051254662415E-5	2.364771942459004E-5	1.6937938959307246E-5	1.1998565488613964E-4	1.0410581002760389E-4	4.741781568743889E-5	0.022040054424649316	0.10581594456195671	0.0067214265624436255	0.04290686339408465	0.15807778686633872	5.091589723019639E-5	0.06502427352660622	2.530118519984463E-5	0.004085924249125231	2.288651617860232E-4	3.1092333755266676E-5	0.35050155717762127	0.06803663998079297
40	40	2.3206037223374431E-4	4.98405709709807E-5	1.3740751489176657E-4	0.011198256767055671	0.001085079331507361	0.04186266490920736	0.07167690607478007	0.03829472483886487	0.021129077482936045	9.623450432967423E-5	0.18807654512710684	2.3417740234137827E-5	2.362420288231224E-5	1.692109497742115E-5	1.1986633480815677E-4	0.0020929080070804565	4.737066090488616E-5	1.4017365032272577E-4	0.0012931650108521844	0.11511010445342157	0.008058344346914494	0.1817874546631462	5.0865263770439554E-5	0.007281343915817518	2.5276024363793277E-5	1.0404953931165343E-4	2.286375661707158E-4	3.106141389495614E-5	0.27358012947382404	0.03614648914341797
41	41	0.05124950065528848	0.0011500870622874091	0.1179073061926531	0.005982859674661204	0.0020912346560390304	0.025154348191952218	0.0017606459289549478	0.011664944147669042	0.12040312924573426	0.0022206418630244316	0.3929877407645765	5.403718205188791E-4	5.451360119373371E-4	3.904596603558051E-4	0.0027659538841747636	0.02534720259937868	0.0010930931002061423	0.0032345516628136273	0.006892878036110023	0.01726092095516838	0.0023703300964516795	0.08723375602301715	0.09296299936457661	0.007388114270313572	5.832523191555242E-4	0.0024009762863465675	0.005275884719677953	7.167520267322592E-4	0.002436574479862208	0.007988354300362283
42	42	2.3229137505664685E-4	4.989018440768489E-5	1.3754429621087971E-4	0.005236747289267681	9.07166822849242E-5	9.573988516344214E-5	7.63759135743159E-5	0.04231461618080668	0.048027065428181914	9.633030027254375E-5	0.23106780426206364	2.3441051254662415E-5	2.364771942459004E-5	1.6937938959307246E-5	0.0050971995729493045	1.0410581002760389E-4	4.741781568743889E-5	1.4031318517139217E-4	0.09685695950944302	0.03957103842166051	0.13946481340451003	0.09237856314790496	5.091589723019639E-5	0.03715187558545251	2.530118519984463E-5	1.0415311467469943E-4	2.288651617860232E-4	3.1092333755266676E-5	0.25294816438358325	0.008310072964034996
43	43	2.3229137505664685E-4	4.989018440768489E-5	1.3754429621087971E-4	0.006232190072880314	9.07166822849242E-5	0.0030820682360013407	7.63759135743159E-5	0.0034923476199139984	0.06594503553320931	9.633030027254375E-5	0.3107032269510743	2.3441051254662415E-5	2.364771942459004E-5	1.6937938959307246E-5	1.1998565488613964E-4	0.02499017540034343	4.741781568743889E-5	1.4031318517139217E-4	0.14065644198839888	7.487698607678274E-4	0.09367444535832893	0.07446059304287757	5.091589723019639E-5	0.05108807455602937	2.530118519984463E-5	1.0415311467469943E-4	2.288651617860232E-4	3.1092333755266676E-5	0.22308488087520426	3.4653069513393143E-4
44	44	2.3229137505664685E-4	4.989018440768489E-5	1.3754429621087971E-4	0.09482659781440464	9.07166822849242E-5	0.005072953803226607	7.63759135743159E-5	0.01444221823965296	0.0042275829492260655	0.00208721586749781	0.29776247076411005	2.3441051254662415E-5	2.364771942459004E-5	1.6937938959307246E-5	0.0021108712221114055	1.0410581002760389E-4	4.741781568743889E-5	1.4031318517139217E-4	0.14662909869007468	0.038575595638047876	0.08172913195497733	0.12920994614157238	5.091589723019639E-5	0.004302263726235622	2.530118519984463E-5	1.0415311467469943E-4	2.288651617860232E-4	3.1092333755266676E-5	0.0966636473563999	0.08097739616775719
45	45	2.3206037223374431E-4	4.98405709709807E-5	0.02201537049400199	0.0121927096297425	9.062646882053251E-5	0.003079003264421053	0.011015281450883534	0.07111166930753021	0.03405696469786481	9.623450432967423E-5	0.2010044323420356	2.3417740234137827E-5	2.362420288231224E-5	1.692109497742115E-5	0.004097677785555471	1.0400228170679961E-4	4.737066090488616E-5	0.033951570981674895	0.18228358601985498	0.006714742420557264	1.0272144541986715E-4	0.13007590580343112	0.024912186830941152	0.08186530861732964	2.5276024363793277E-5	0.009054125303493109	2.286375661707158E-4	3.106141389495614E-5	0.12441220007079977	0.04708547063297309
46	46	0.001230183312871918	4.9989708196242594E-5	1.3781867742666254E-4	0.0042497653020590115	9.089764910261731E-5	0.04298535851036695	0.023017384916089585	0.08927816962998507	2.463021742193628E-4	9.652246545593296E-5	0.19063418097346554	2.3487812802175954E-5	2.3694893245569586E-5	1.6971727727089988E-5	1.202250091216194E-4	1.0431348624182971E-4	4.7512407453702595E-5	0.00213545018935818	0.12797046034396461	0.011721977596523046	0.02503874256024191	0.11650113037363445	0.07884787289478083	0.01428513162473956	2.5351657448764617E-5	1.0436088525493634E-4	2.2932171507882498E-4	3.115435851799632E-5	0.24746818852679284	0.02328807861783314
47	47	0.029071193390151767	4.98405709709807E-5	1.3740751489176657E-4	0.008214898178995187	9.062646882053251E-5	9.564467636056804E-5	0.022948715803125477	0.004483327507512705	0.011184548856067759	0.0010906873670165026	0.2109489609689039	2.3417740234137827E-5	2.362420288231224E-5	1.692109497742115E-5	0.020008923588544725	1.0400228170679961E-4	4.737066090488616E-5	0.008095796551817353	0.14747773582581597	0.02660379967429383	0.06573661038275054	0.1996876061915091	5.0865263770439554E-5	0.0013146267396965483	2.5276024363793277E-5	1.0404953931165343E-4	0.019123241957220455	3.106141389495614E-5	0.19800171190962507	0.025207507653862857
48	48	2.3206037223374431E-4	4.98405709709807E-5	1.3740751489176657E-4	0.016170521080489813	9.062646882053251E-5	9.564467636056804E-5	7.62999613284216E-5	5.05516056765392E-4	0.011184548856067759	0.0030795930923901596	0.32928885162863647	2.3417740234137827E-5	2.362420288231224E-5	1.692109497742115E-5	0.0011143191974949851	0.012037436633948741	4.737066090488616E-5	1.4017365032272577E-4	0.06891595967355651	0.02163153536085969	1.0272144541986715E-4	0.22852673920942712	5.0865263770439554E-5	0.012253608229251662	2.5276024363793277E-5	0.00805967244080628	2.286375661707158E-4	3.106141389495614E-5	0.244740996455906	0.04111875345685211
49	49	0.016143306175223	4.98405709709807E-5	1.3740751489176657E-4	0.049981918411841984	9.062646882053251E-5	9.564467636056804E-5	7.62999613284216E-5	0.04426144201498584	0.07681843779339843	0.008051857405824302	0.20299333806740927	2.3417740234137827E-5	2.362420288231224E-5	1.692109497742115E-5	1.1986633480815677E-4	0.04286547537724042	4.737066090488616E-5	0.020029230904059295	0.05399916673325409	0.030581611125041146	1.0272144541986715E-4	0.18377636038851985	5.0865263770439554E-5	0.01822032540537263	2.5276024363793277E-5	1.0404953931165343E-4	2.286375661707158E-4	3.106141389495614E-5	0.20894069339918017	0.042113206319538944
50	50	2.3275476315531572E-4	4.9989708196242594E-5	0.022081246771191908	0.048136621489589505	9.089764910261731E-5	9.593087255305934E-5	7.652827260773532E-5	0.023447885348689315	0.11594801394134521	9.652246545593296E-5	1.253279775945361E-4	2.3487812802175954E-5	2.3694893245569586E-5	1.6971727727089988E-5	0.014084224705154049	1.0431348624182971E-4	0.002042369506886907	1.405930899249754E-4	0.41323502556291286	0.003742549198790228	0.03301817095797473	0.061642560139221335	0.03695587380668354	0.002315989028140333	2.5351657448764617E-5	0.06992435936541709	0.02117532125912747	3.115435851799632E-5	0.02105190774112415	0.11006436244317752
51	51	0.004214062509507179	4.989018440768489E-5	1.3754429621087971E-4	0.005236747289267681	9.07166822849242E-5	9.573988516344214E-5	7.63759135743159E-5	0.16276319299793526	0.13463058760248098	9.633030027254375E-5	0.011074949083671735	2.3441051254662415E-5	2.364771942459004E-5	1.6937938959307246E-5	1.1998565488613964E-4	1.0410581002760389E-4	4.741781568743889E-5	1.4031318517139217E-4	0.4303302920196751	0.03558926728720998	0.07973824638775207	0.04758363788533648	0.022946099920320755	0.0023113781590103563	2.530118519984463E-5	1.0415311467469943E-4	2.288651617860232E-4	3.1092333755266676E-5	1.0569734597449638E-4	0.06206398327911718
52	52	0.0012277341586692798	4.989018440768489E-5	1.3754429621087971E-4	0.004241304505655048	9.07166822849242E-5	9.573988516344214E-5	0.0010718186971869488	0.10701839711562783	0.08784477677268723	9.633030027254375E-5	0.008088620732833837	2.3441051254662415E-5	2.364771942459004E-5	1.6937938959307246E-5	1.1998565488613964E-4	1.0410581002760389E-4	4.741781568743889E-5	1.4031318517139217E-4	0.3696082822193045	7.487698607678274E-4	0.048879520095760444	0.0724697074756523	5.091589723019639E-5	0.03814731836906514	2.530118519984463E-5	1.0415311467469943E-4	2.288651617860232E-4	3.1092333755266676E-5	0.017028224667389256	0.24223912711300374
53	53	2.3275476315531572E-4	4.9989708196242594E-5	0.0011352472271432647	0.003252336752342409	9.089764910261731E-5	9.593087255305934E-5	7.652827260773532E-5	0.05037845619103757	0.11495058539162861	9.652246545593296E-5	1.253279775945361E-4	2.3487812802175954E-5	2.3694893245569586E-5	1.6971727727089988E-5	1.202250091216194E-4	1.0431348624182971E-4	4.7512407453702595E-5	0.02407887828312343	0.3464073127319005	0.030673120041138483	0.13874559722793453	0.04967341754262211	5.101746716926006E-5	0.012290274525306354	2.5351657448764617E-5	1.0436088525493634E-4	0.001226750264795427	3.115435851799632E-5	0.06992590667723766	0.15594607573014121
54	54	2.3229137505664685E-4	4.989018440768489E-5	1.3754429621087971E-4	2.595333712045157E-4	9.07166822849242E-5	9.573988516344214E-5	7.63759135743159E-5	0.12792269557149313	0.11969894584829148	9.633030027254375E-5	1.2507846393277364E-4	2.3441051254662415E-5	2.364771942459004E-5	1.6937938959307246E-5	1.1998565488613964E-4	1.0410581002760389E-4	0.0010428605993000716	0.001135755968784025	0.33377234200924966	0.07739786419894057	0.08770178865665314	0.06749249355758914	5.091589723019639E-5	0.020229348264037748	2.530118519984463E-5	1.0415311467469943E-4	2.288651617860232E-4	3.1092333755266676E-5	1.0569734597449638E-4	0.16160826164038047
55	55	2.3206037223374431E-4	4.98405709709807E-5	1.3740751489176657E-4	0.02909840829541858	9.062646882053251E-5	0.011034626165915681	7.62999613284216E-5	0.0919951794239536	0.10565757081131646	9.623450432967423E-5	1.249540792962552E-4	2.3417740234137827E-5	2.362420288231224E-5	1.692109497742115E-5	0.02299228217660521	1.0400228170679961E-4	4.737066090488616E-5	0.008095796551817353	0.3234958925213846	0.1896940691549337	0.03888638309020617	0.03958069529892973	5.0865263770439554E-5	0.05501508132478528	2.5276024363793277E-5	1.0404953931165343E-4	0.0022175432915443726	3.106141389495614E-5	0.042867065330479834	0.03813539486879163
56	56	0.011024661833755499	2.474037947487317E-4	0.010554814164798209	0.0012870175098017437	4.4986106407031353E-4	4.7477096305530625E-4	0.025060586892882458	0.09630032970863228	0.07526449645686675	4.7769881229464933E-4	0.06972941546747483	1.1624340743887252E-4	1.17268268142454E-4	8.399468599898592E-5	5.950049430899698E-4	0.01532536205060537	2.3514339902823187E-4	6.958085017488265E-4	0.2384284541690102	0.2801497470827318	5.098993631864045E-4	0.07800192200352206	0.03974343624294985	0.001589312293347103	1.2546775090929114E-4	0.049880174358148024	0.0011349348611131352	1.541858674200883E-4	5.241496859436734E-4	0.0017184343972848595
57	57	0.05839692288536859	5.4980025040433654E-5	0.010024565298998556	0.06829993274632896	0.09224786539332544	1.0550735272174056E-4	0.013248152668104585	0.0027516412707883856	2.7088975300543287E-4	0.005591151676017402	0.03414479985498373	2.5832527986344908E-5	2.6060280625317537E-5	1.8665962436743435E-5	0.04949716975890996	1.1472677662202885E-4	5.2255423081909486E-5	0.048422572387067216	0.004717509650744628	0.022765134716688284	1.1331386321120045E-4	0.3936047690994531	0.031869073688384014	0.009129179406404305	2.7882434437861765E-5	1.1477890733095926E-4	0.13298906108661723	3.426440107859702E-5	0.014377464233612573	0.006963876470624451
58	58	0.021809606508710267	0.0010786177375572855	0.009386174746144657	0.06600469225468757	0.04939627647115833	0.05042859860378538	0.13052545884088623	0.011820660413093289	2.5363878460674626E-4	0.0011265365674789287	0.29286367167873495	2.4187444999607917E-5	2.4400693754494702E-5	1.747726509934037E-5	1.238061551408964E-4	1.0742067524302946E-4	0.001076066645381852	0.02171469961290411	3.0853035272514147E-4	0.008989723548079757	1.0609773985584301E-4	0.2709607838090935	5.2537126022285986E-5	3.3069749527729977E-4	2.6106808043620276E-5	1.0746948613198742E-4	0.023860349169117733	3.2082354346859095E-5	0.028868954450863384	0.008574676561075583
59	59	0.005528709079352444	5.2947122612510124E-5	0.0022588458689706266	0.018234862930022973	0.0751032941878204	0.026512528367740852	8.105572085315595E-5	5.370247595223965E-4	0.0013173104127487823	1.0223277946121689E-4	0.033938722829632686	2.4877362745437464E-5	2.5096694164296192E-5	1.7975783042876688E-5	1.273375766480467E-4	1.1048472066495642E-4	5.03232636044036E-5	1.489106425968066E-4	0.07321147602661186	0.07580166848208979	1.0912405013872487E-4	0.35264019602239954	0.010618404556322637	0.02886392619765692	2.6851473309279842E-5	1.1053492382575138E-4	0.011863694253775627	3.299746487598892E-5	0.2557699004786454	0.026778685968143562
60	60	2.3821972777996516E-4	5.116344137010127E-5	0.014432921967256483	2.661569721350154E-4	0.08380254080073316	0.02051513667639983	7.832511790927583E-5	0.05666555532085971	0.02271073396002991	0.002140484103863522	0.021566071680426912	2.4039294818415623E-5	2.4251237406335373E-5	1.7370215347237368E-5	1.2304783179102865E-4	1.0676271436699186E-4	0.00311117098414412	0.009331523172745682	0.03195291834044319	0.047726872169076694	0.007251381570417199	0.18252907377070504	5.221533160623046E-5	3.286719446725971E-4	2.594690159868252E-5	1.0681122628505632E-4	0.00431809675251742	3.188584716680599E-5	0.49011527635467766	3.5537457144965625E-4
61	61	0.02169817132044362	5.1215724823442535E-5	0.0011630895976367354	0.03194504576032777	0.058340906234827905	0.05119282684729986	7.840515763174164E-5	0.039351316634769304	0.013536924069550768	9.888971567237253E-5	1.2840169396393457E-4	0.002067845589697046	2.4276019524297885E-5	1.7387965811618084E-5	1.2317357324625352E-4	1.0687181420949102E-4	4.8677667336954246E-5	1.4404118898650169E-4	0.06264229667593782	7.68664048859786E-4	0.0031712282323145312	0.25424795909072845	5.226868997659465E-5	0.024854388563644674	2.5973416500392745E-5	1.0692037570144137E-4	2.3494591745586103E-4	3.191843102273806E-5	0.43134645052727744	0.0023995194548206192
62	62	2.367694942610404E-4	5.085196868767508E-5	0.0011548288343839227	0.010410866218652616	0.031546087145480024	0.04068290378649149	7.78482904339683E-5	0.12125709604210116	2.50550581370482E-4	9.8187358320912E-5	1.2748972983215025E-4	2.389294845389798E-5	2.4103600778211294E-5	1.726446898961088E-5	0.0031661976083783225	1.0611276455641441E-4	4.8331937578570366E-5	1.430181464253019E-4	0.009436470412657345	0.1022265002290233	1.0480593669533211E-4	0.3021591954093714	5.1897455228808555E-5	0.004385202878884415	2.5788942109930993E-5	0.0021354268924096143	2.332772303613661E-4	3.169173257868369E-5	0.3653755990100333	0.004411742945470695
