0	0	0.12730337135510567	0.1033438240442741	0.029053565050081553	0.1500240909077131	9.670149968429918E-5	1.57568919261163E-4	9.694025189295175E-5	3.7229814083665726E-5	1.0482998866217605E-4	0.11737590329096902	0.004279616745354765	0.00837310022012672	0.15595755206814235	0.03717153824942566	0.0094323176796289	0.1399450124677393	1.1575233754179313E-4	6.081623535993959E-5	0.03731137559122172	0.07975889328373115
1	1	0.15536819197440502	0.1055111492822703	0.0994239489052109	0.19590612711494348	9.493849139995015E-5	0.0021804125638862563	9.517289081032002E-5	3.65510606944364E-5	1.0291878626032087E-4	0.07674735998211087	0.0031887349616559787	1.1758106945691912E-4	0.03359695530504188	3.095294000348331E-5	1.4462928475975477E-4	0.20626796840178493	1.1364200491318675E-4	0.0051239983525139835	0.06904259688255232	0.04690616974532567
2	2	0.08235898525676194	0.08617955625050844	0.11753634844008894	0.1886250694317852	0.001106675762831666	0.0011663730164117015	0.0021187432584308325	3.6514077112856034E-5	0.019327647983478486	0.13737970444674943	1.5000849324471843E-4	0.002141128763735337	0.024456460785507363	3.092162078702223E-5	0.001156316277390388	0.19695275959549377	1.1352701814454552E-4	5.964705337115093E-5	0.012310070613336402	0.12679354185482977
3	3	0.04579397763661248	0.10609417405240194	0.11011924812885082	0.14972092489649558	9.455540653319297E-5	1.5407199750133954E-4	9.478886012205708E-5	3.64035740637823E-5	0.01523407162560991	0.18336742595988142	1.4955452049773471E-4	1.1710661986685439E-4	0.040522787198753005	3.0828042264725015E-5	0.006196672943479591	0.20039180360906897	1.1318344978272035E-4	5.946654268083814E-5	0.05262366481326854	0.08908529012226445
4	4	0.009805810037902608	0.1593152919711751	0.12463510616905751	0.2726472169687289	0.0031582942009333722	4.410341322930056E-4	2.7133498204052987E-4	1.0420594890674278E-4	0.011843928229116068	0.08597349655100865	0.0033157302496483565	3.352200095821821E-4	0.040918963172802046	8.824587914099634E-5	4.123336387988275E-4	0.27619986015454706	3.2398985782226293E-4	1.7022415154629517E-4	0.009142531922520267	8.971817724293277E-4
5	5	0.24906702308244047	1.7215518356491789E-4	1.6220465342817072E-4	0.22703094546136024	9.398654103378424E-5	0.061317980825722485	9.421859011604965E-5	3.618456239539307E-5	0.04722889141790333	0.028850807894920047	0.00817027257295249	1.1640208145665528E-4	0.05231142017183323	0.03211711379161726	1.4317908370267926E-4	0.19216728818549728	0.017158440348261556	5.910877927268897E-5	0.0021719583410834318	0.08153041843143782
6	6	0.13963247070892434	1.7198273609268246E-4	1.620421733802902E-4	0.06753357553325848	9.389239492043579E-5	0.016180156796978647	9.412421155964117E-5	3.614831639809101E-5	0.07823421478850846	0.06187793619356346	1.4850586143670555E-4	1.162854817453107E-4	0.24658839719285633	0.019062870476883046	0.06625509184161305	0.192976492452582	0.041182000477804126	5.904957013729484E-5	0.04323939335247253	0.026355369438885026
7	7	0.08936853912161212	1.7163887551750368E-4	1.6171818786751328E-4	0.04040678359452435	0.2930043502832761	0.004151465917327882	0.03008478710749543	3.60760418131484E-5	0.24602656016305313	0.02776458683035691	1.482089402916464E-4	1.1605298170753752E-4	0.030161242973484565	3.055067449726594E-5	0.07511987739481978	0.15960072097370856	0.0031112502180813345	5.893150701297911E-5	1.6605438070265143E-4	3.106038328495149E-4
8	8	0.07489723433186042	0.0011795885132193983	0.003183078047833006	0.048745458031407535	0.09674141150781489	0.03538966414154295	9.459800463516876E-5	3.633027619055678E-5	0.25581427427423054	0.14474209672262167	1.4925339544159217E-4	1.168708280140591E-4	0.07467035766908584	3.0765970614019734E-5	0.05853467957924091	0.13253673416607117	1.1295555715495624E-4	5.934680797844483E-5	1.6722459589179353E-4	0.07279807757915102
9	9	0.009440122440806359	0.001177218207743382	0.010209701489687405	0.028553165448582617	0.383896103654153	1.5345280242562372E-4	9.440791617135778E-5	3.625727289183472E-5	0.09555021507065668	0.09019652416418157	1.4895348056740974E-4	0.0031307872527830565	0.1538929625840105	3.070414842110745E-5	0.14783687897391068	0.033808135534911195	1.1272858039766303E-4	5.922755447405839E-5	1.6688856907318277E-4	0.041505564854151224
10	10	0.1099225786574625	0.016102369619304207	0.009122494663420218	0.0651386842231777	0.13551035348396098	0.029027766168114887	9.356188712889748E-5	3.59323562205333E-5	0.2271238312440647	0.007739736600677846	1.4761864578187288E-4	1.1559075967282086E-4	0.06588679746032736	3.042899563369586E-5	0.05092356438707986	0.2794463757388638	0.0030988585639837403	5.869679144876289E-5	1.6539301041648834E-4	3.093667432590699E-4
11	11	3.9410495791318345E-4	0.0021623820575433846	0.007131067868882957	0.03626299570238742	0.2958202104442104	1.5207764732461123E-4	0.16936483942279604	3.59323562205333E-5	0.15742389343526061	0.04358541890234853	0.0031347588375877635	1.1559075967282086E-4	0.0409939625286116	3.042899563369586E-5	0.06685497874337794	0.16493933505297131	0.00210314516671511	5.869679144876289E-5	1.6539301041648834E-4	0.009270787318676742
12	12	3.944977646226107E-4	1.7112565511353698E-4	0.03903276202556037	0.023341963443614593	9.342447943309669E-5	1.5222922400240623E-4	0.09478070904945192	3.5968170209486125E-5	0.32702078995266903	0.06256627152522731	0.004134589100616077	0.004102529292126199	0.06894258470736869	3.0459324391063793E-5	0.05795126101494146	0.18902467098473225	1.1182972253078652E-4	5.875529488303841E-5	1.655578585943138E-4	0.12788802140991176
13	13	0.18197633581191142	0.006157497852829335	0.006147596960924328	0.04531465710013958	9.35176890590477E-5	0.002147781591672342	9.374858056418281E-5	3.600405566169E-5	0.22358623327081537	0.010748281207675922	0.009127215402511619	1.1582140953114225E-4	0.18873539805312953	3.0489713666448995E-5	0.011117167521616558	0.263043079020977	1.119412950722719E-4	5.881391505509525E-5	1.6572303571027382E-4	0.05119269651147677
14	14	0.15672110832908812	1.7095526300612407E-4	1.6107408800254653E-4	0.030288715318775646	0.25001739416985347	0.0071220714282050224	9.356188712889748E-5	3.59323562205333E-5	0.1843081551615136	0.012718303587020996	1.4761864578187288E-4	1.1559075967282086E-4	0.13160388168005693	3.042899563369586E-5	0.03399643663351314	0.1848536029983439	1.1171837217784978E-4	0.001054410188717393	1.6539301041648834E-4	0.006283647126870851
15	15	0.020389581621627212	0.001171333911749169	0.022155008984964152	0.004417762290184398	0.40497019434122267	1.5268577240122006E-4	0.03908204243358042	3.60760418131484E-5	0.18904394309784822	0.0027722109245652713	0.00814576923014497	0.002115443054170868	0.05915239902420286	3.055067449726594E-5	0.12110584906147638	0.12261200463313693	0.0021115551818496688	5.893150701297911E-5	1.6605438070265143E-4	3.106038328495149E-4
16	16	0.2575630698182219	0.002279942973556804	0.0021481627924512664	0.005565495551319401	0.1340379209792582	0.015307502566551815	0.001247787072484589	4.7921147116371775E-4	0.027907982908864853	0.06338294942209968	0.001968714436152195	0.0015415748874294693	0.34752571710264246	4.0581596358896704E-4	0.0018961970188084865	0.008623700538354208	0.1210038171853998	7.82809109709258E-4	0.0022057620534383406	0.0041258661485046
17	17	0.21845533895974317	0.020085223208378727	1.6107408800254653E-4	0.07210867800405811	0.24006026019716714	0.0011477910445932414	9.356188712889748E-5	3.59323562205333E-5	0.18231672836697635	7.697428197974344E-4	0.0051261856321250234	1.1559075967282086E-4	0.0310368285559253	3.042899563369586E-5	0.04793642419527397	0.1320807929431065	0.00110743176944648	5.869679144876289E-5	0.0071353867912969	0.040137902634004276
18	18	0.16900623263642767	1.712963872214443E-4	0.001159095739584419	0.022367551481976	0.19564276556558347	1.5238110313637817E-4	9.374858056418281E-5	3.600405566169E-5	0.2335632357134952	0.06262869390961097	1.4791320409978306E-4	1.1582140953114225E-4	0.016133255794768677	3.0489713666448995E-5	0.04104817484965601	0.1433190497088192	0.08491646205785072	5.881391505509525E-5	1.6572303571027382E-4	0.029243291137581177
19	19	0.09236762423030712	0.0031707239842125	1.6171818786751328E-4	0.01941318783365938	0.34398879713109104	1.5268577240122006E-4	9.393602054547037E-5	3.60760418131484E-5	0.24102808498189482	0.013768856323113591	1.482089402916464E-4	1.1605298170753752E-4	0.02216368268363124	3.055067449726594E-5	0.08711621782959976	0.1346083450679169	0.0301030161963363	0.0030580166157079753	1.6605438070265143E-4	0.008308164122702839
20	20	0.01737312868242458	1.71467460348518E-4	1.6155668045599137E-4	0.026384676457194202	0.33865177345300074	0.0061447131505555355	9.384220695698645E-5	3.604001279125526E-5	0.15290206635674186	0.06269124097604624	1.4806092452034354E-4	1.1593707998416215E-4	0.019145457955651597	3.0520163641168886E-5	0.28776724063011655	0.07754820344865568	1.1205309046800282E-4	5.887265231469032E-5	1.6588854274989667E-4	0.010297260075382024
21	21	0.024388361766553873	1.7163887551750368E-4	0.009158973513952503	0.05440251410176767	0.2760095346673378	1.5268577240122006E-4	0.06407441833937205	3.60760418131484E-5	0.2010402835326282	0.07475025353324519	0.00814576923014497	0.03410568421358416	0.09214233521984781	3.055067449726594E-5	0.11210859373539139	0.04663518187953035	0.0021115551818496688	5.893150701297911E-5	1.6605438070265143E-4	3.106038328495149E-4
22	22	0.10504860997944032	0.0011678314857308486	0.003151352123337155	0.017361728459910724	0.33897340688931904	0.03802705078746025	9.36551408073224E-5	3.5968170209486125E-5	0.2423007943501975	0.0177145091474483	1.477657781468315E-4	1.1570596965695224E-4	0.019107293176503126	3.0459324391063793E-5	0.011106086975927814	0.11028491036596462	0.052937238745248305	5.875529488303841E-5	0.009135910334150118	0.03320096750126716
23	23	0.032321299171714155	1.712963872214443E-4	1.613954953164373E-4	0.025360652214779948	0.08290263796330154	0.009131683301548213	9.374858056418281E-5	3.600405566169E-5	0.2954206508581101	0.15541481662653328	0.008129515158243637	1.1582140953114225E-4	0.11091477900022693	3.0489713666448995E-5	0.19868481344399713	0.06948923163298856	1.119412950722719E-4	5.881391505509525E-5	1.6572303571027382E-4	0.011284686740757506
24	24	0.28274406048297757	1.712963872214443E-4	0.002156795983852401	0.13011917786291802	0.052971630635262085	1.5238110313637817E-4	0.006079950046172074	3.600405566169E-5	0.23954943717910307	0.002766679253532069	1.4791320409978306E-4	1.1582140953114225E-4	0.06701596825243573	3.0489713666448995E-5	0.009121767033080595	0.1662661553269828	0.007095843004948145	5.881391505509525E-5	0.0041565240127822015	0.029243291137581177
25	25	0.025464426785960767	0.1886801735859783	1.6220465342817072E-4	0.048549949314394374	9.398654103378424E-5	0.008174762871850623	0.019145560875466337	0.0010388867879401451	0.02416674023037403	0.0549210657590836	0.14253237079594924	1.1640208145665528E-4	1.7090444350612903E-4	3.064257418519685E-5	0.0011458813092474311	0.040759252128239706	0.05325572046787263	5.910877927268897E-5	0.0382692384606945	0.35326272155406563
26	26	0.02738744687524887	0.15712375956388897	1.6171818786751328E-4	4.1898214525773594E-4	0.012090045102178136	0.03614170707674118	0.009091191346630459	3.60760418131484E-5	1.0158125006344828E-4	0.11873683512743846	0.07812442176636156	0.014111783488950855	1.7039188653459998E-4	3.055067449726594E-5	0.00914000500352986	0.06662908260416367	1.121651093863381E-4	5.893150701297911E-5	0.00916330970678764	0.4611700155356473
27	27	0.01950689224549632	0.027327318763299618	0.0011684216158366447	0.5676518550306079	9.427011559792143E-5	0.012222337870181002	0.003111685548825313	3.629373783048096E-5	1.0219422844087146E-4	0.13856216023864074	1.4910328718817346E-4	1.1675328780120909E-4	0.012240150829476312	3.073502842942193E-5	0.005172248887839162	0.1424607139329996	1.1284195463791933E-4	5.9287121257983536E-5	0.013241514710886271	0.05663322156472717
28	28	0.13544822015880742	0.01666087227487447	0.11273761452191089	0.42882926746984595	0.009095850170149796	0.014821107074357737	0.00911830746734566	0.0035018775497081406	0.009860424846797614	0.07501720964675629	0.014386543938536814	0.011265186278562189	0.016539827877970256	0.0029655337939935695	0.01385661689997477	0.06301840654467843	0.010887793080376632	0.00572044246007068	0.01611878905189004	0.030150108893392796
29	29	0.04791444728739425	0.08382863506197959	1.670625594324667E-4	0.009727419982439872	9.680136645562836E-5	0.014615985170015748	9.704036523142108E-5	3.72682625187144E-5	1.0493824998739173E-4	0.13298810710745654	0.0889680928003925	0.022840000916194456	0.07350002291733065	3.1560295976620494E-5	0.019769382685529326	0.03578356636222171	0.04452336484600004	6.0879042256312664E-5	0.08485559840851391	0.3400898263126728
30	30	0.09246005608942942	0.05721144994324631	0.005165357150929989	0.03944652305158395	9.379843723025745E-5	0.050187609888470326	0.030114892816360598	3.6112142943196406E-5	1.0168290195580312E-4	0.073824360343602	0.09121164106218962	1.1616911539556189E-4	0.049204638294548846	3.0581246417511305E-5	1.4289252639422087E-4	0.07470132143425476	1.122773524983119E-4	5.8990479502522706E-5	0.09523228606638043	0.3405473596566663
31	31	0.03834575820965446	0.06808283926280717	1.6155668045599137E-4	0.013401620083194754	9.361108486127999E-5	1.5253328563271293E-4	0.022065168378340664	3.604001279125526E-5	0.03705325563490063	0.17754135505373367	0.11300078171390016	1.1593707998416215E-4	0.14398253847487705	3.0520163641168886E-5	1.4260711382105173E-4	0.09352734975511655	1.1205309046800282E-4	5.887265231469032E-5	0.05809029390367051	0.23400530836583405
32	32	0.10568060482954093	0.11247480444457715	1.6220465342817072E-4	0.045541842637760115	0.0010966887665785363	0.04126393631482744	9.421859011604965E-5	3.618456239539307E-5	1.0188681729998498E-4	0.09903996368305269	0.07033781055672712	0.01816504214126219	0.002176308894595633	3.064257418519685E-5	1.4317908370267926E-4	0.09490517230765633	1.1250251400076856E-4	5.910877927268897E-5	0.09642596754229013	0.3121519303067308
33	33	0.0753728086143688	0.04015944032478412	0.009158973513952503	0.09539001058726596	9.370466739815207E-5	0.008150246062254543	0.05307777294082374	3.60760418131484E-5	0.06608145364135337	0.16872158693902173	0.02813966995477828	1.1605298170753752E-4	0.026162462828557904	3.055067449726594E-5	1.4274967744486996E-4	0.12461139470560026	0.019106370797787983	5.893150701297911E-5	0.043152940938664265	0.24223680260091254
34	34	0.16600919615266924	0.06842451593501793	0.036295878731421344	0.24231444808090388	0.004108915461891006	1.5329878052100894E-4	9.431315812960437E-5	3.622088115353692E-5	0.009135366899924476	0.03189089163957591	1.4880397467104714E-4	1.1651891523227674E-4	0.05136021695012884	3.067333040185566E-5	0.013191535197485327	0.06890400464229655	0.06234255151292354	5.916810726552538E-5	0.022248311283216766	0.2231351703651703
35	35	0.1392141192691886	0.12201245804711257	0.001160253324609795	0.07532081202073058	9.361108486127999E-5	1.5253328563271293E-4	0.00109253885111079	0.0030321299452526662	1.0147980120990095E-4	0.08066778057081471	0.07405161259190182	0.045057286066905324	0.15097341498395367	3.0520163641168886E-5	0.0031386970462824624	0.06356645043050242	0.07101951482538806	5.887265231469032E-5	0.011151551628441737	0.15810436341014497
36	36	0.12861379467890993	0.05827045634889599	1.620421733802902E-4	0.20476617699798352	0.07421953114229017	1.529916624122167E-4	9.412421155964117E-5	3.614831639809101E-5	1.017847574971161E-4	0.22315128536013817	0.012168879712361528	1.162854817453107E-4	0.004177524532539092	3.061187958540845E-5	0.0933009330061939	0.10482708421246664	1.1238982047764704E-4	5.904957013729484E-5	1.663870533252564E-4	0.09547251908170276
37	37	0.02132532020758615	1.7112565511353698E-4	1.6123463148522003E-4	0.05423984419275125	0.19644447311104346	1.5222922400240623E-4	9.36551408073224E-5	0.003026085662061421	1.0127751019078937E-4	0.11040815139485828	0.03104564652728349	0.0070926467839781335	0.11877787623823427	3.0459324391063793E-5	0.3001507778549482	0.09035079375361839	1.1182972253078652E-4	0.0020521669561176614	0.056977790203781076	0.0072866159052170565
38	38	0.009364850240178415	1.7112565511353698E-4	1.6123463148522003E-4	0.09410807741744372	0.07185624428387953	1.5222922400240623E-4	9.36551408073224E-5	3.5968170209486125E-5	1.0127751019078937E-4	0.077516858984487	0.045996233986543164	1.1570596965695224E-4	0.05498870307872634	3.0459324391063793E-5	0.5264030014050779	0.08437055876991452	1.1182972253078652E-4	5.875529488303841E-5	0.03206014443834828	0.0023030867521304983
39	39	0.023318731868820775	1.7112565511353698E-4	1.6123463148522003E-4	0.0014144351700337387	9.342447943309669E-5	0.0011489350546197178	9.36551408073224E-5	3.5968170209486125E-5	1.0127751019078937E-4	0.033661802437325285	0.023071999882345	0.15460510971534025	0.2154583418081135	3.0459324391063793E-5	0.3440058344021099	0.13520255613139742	1.1182972253078652E-4	5.875529488303841E-5	0.049004143558842576	0.018250380042007484
40	40	3.9410495791318345E-4	1.7095526300612407E-4	1.6107408800254653E-4	0.11691578088114647	0.08572468362052948	1.5207764732461123E-4	0.04689209155875451	3.59323562205333E-5	1.011766668170504E-4	0.05155112608049757	1.4761864578187288E-4	0.13354118599366926	0.120651034310102	3.042899563369586E-5	0.30084762710150603	0.1420379269157928	1.1171837217784978E-4	5.869679144876289E-5	1.6539301041648834E-4	3.093667432590699E-4
41	41	0.03299372953814391	0.004058409280404448	0.003823834154546035	0.1280960331593402	0.09676699577631236	0.003610262266229074	0.002221121621757083	8.530197046170312E-4	0.002401893433114116	0.06554905763378147	0.003504407360541035	0.0027440782081588878	0.3349586299543809	7.223721346838783E-4	0.21611584798273656	0.03898844213060902	0.0026521492843541274	0.0013934382537090435	0.02756419976562845	0.030982078356952495
42	42	0.007371438578943792	1.7112565511353698E-4	1.6123463148522003E-4	0.015368316798676101	9.342447943309669E-5	1.5222922400240623E-4	9.36551408073224E-5	3.5968170209486125E-5	1.0127751019078937E-4	0.11339826888671022	0.011111529914937258	0.029020175057558988	0.1825670493977422	3.0459324391063793E-5	0.4735775923823604	0.06144632466571635	1.1182972253078652E-4	5.875529488303841E-5	0.08687896512230042	0.018250380042007484
43	43	3.944977646226107E-4	1.7112565511353698E-4	1.6123463148522003E-4	0.0014144351700337387	9.342447943309669E-5	1.5222922400240623E-4	9.36551408073224E-5	0.0010326740008267977	1.0127751019078937E-4	0.022698038300534858	0.052973174800864345	0.014069587598299314	0.19253410770391532	3.0459324391063793E-5	0.5034787673008797	0.06144632466571635	1.1182972253078652E-4	5.875529488303841E-5	0.14867472662057374	3.096750908958753E-4
44	44	0.016341791054499594	1.7112565511353698E-4	1.6123463148522003E-4	0.11105207653793801	0.02301765858363126	1.5222922400240623E-4	9.36551408073224E-5	3.5968170209486125E-5	1.0127751019078937E-4	0.04462556657411571	1.477657781468315E-4	1.1570596965695224E-4	0.20549128350194037	3.0459324391063793E-5	0.4067983017310005	0.06941997131065485	0.0270228871491982	5.875529488303841E-5	0.07392178932427537	0.02124049753385942
45	45	0.003381245149719074	1.7095526300612407E-4	0.0011567874852711768	0.049207269866879615	0.03693472715436661	0.009113498222742282	9.356188712889748E-5	3.59323562205333E-5	0.03793828576302499	0.09337108876578004	0.012096179413005434	0.08674265632204364	0.22022237403696504	3.042899563369586E-5	0.2371219696763137	0.14402935371033007	0.00210314516671511	5.869679144876289E-5	0.05791677005199704	0.008275073921408112
46	46	3.952857318099203E-4	1.71467460348518E-4	1.6155668045599137E-4	0.02039249659227138	0.05102713993670527	1.5253328563271293E-4	0.06401042743280042	3.604001279125526E-5	1.0147980120990095E-4	0.039721218160508755	1.4806092452034354E-4	0.23780573838858943	0.2168873934981047	3.0520163641168886E-5	0.27578288090027087	0.060570360498041015	1.1205309046800282E-4	5.887265231469032E-5	0.002163281831057504	0.030271192958458096
47	47	0.009355525533330855	0.0011666686602747542	0.0011567874852711768	0.050202983264148245	0.0797504032369177	1.5207764732461123E-4	0.01602497624342698	3.59323562205333E-5	1.011766668170504E-4	0.03064114473785634	1.4761864578187288E-4	0.002107017554210081	0.25407662954409843	3.042899563369586E-5	0.292881919923357	0.09723082403870446	1.1171837217784978E-4	5.869679144876289E-5	0.13259527484714428	0.03217219545585523
48	48	3.9410495791318345E-4	1.7095526300612407E-4	1.6107408800254653E-4	0.0322801421133129	0.017020459208994004	1.5207764732461123E-4	9.356188712889748E-5	3.59323562205333E-5	1.011766668170504E-4	0.02566257775151319	0.022053313385691737	0.0986912170892672	0.20727809987247284	3.042899563369586E-5	0.4452260697054574	0.12212365897042023	1.1171837217784978E-4	5.869679144876289E-5	0.028045368133938132	3.093667432590699E-4
49	49	0.0641197623831055	0.0031580954548120145	0.005139641074345697	0.044228702880536465	9.33314554272923E-5	1.5207764732461123E-4	9.356188712889748E-5	3.59323562205333E-5	1.011766668170504E-4	0.011722590189752365	0.04893757511194475	0.09371265010292405	0.14554386924181775	3.042899563369586E-5	0.32872760222502767	0.11017509820319665	1.1171837217784978E-4	5.869679144876289E-5	0.027049654736669503	0.1168078342236888
50	50	3.952857318099203E-4	1.71467460348518E-4	0.05908465868553041	0.05235078920519309	9.361108486127999E-5	1.5253328563271293E-4	0.003089932139418397	3.604001279125526E-5	1.0147980120990095E-4	0.09265214030066035	0.01013502736605838	1.1593707998416215E-4	0.4066397558873274	3.0520163641168886E-5	0.006134786978743874	0.005642045069581814	1.1205309046800282E-4	5.887265231469032E-5	0.19191564422028018	0.1710874197841444
51	51	0.0033846152564745457	1.7112565511353698E-4	1.6123463148522003E-4	0.0412826683947262	9.342447943309669E-5	1.5222922400240623E-4	9.36551408073224E-5	3.5968170209486125E-5	0.001097983340808101	0.31572955250202445	0.001144471608764143	0.0011124118002742637	0.23838257591231166	3.0459324391063793E-5	0.060941378506793396	0.028555032255345062	1.1182972253078652E-4	5.875529488303841E-5	0.23738154554551447	0.07007908323410769
52	52	3.944977646226107E-4	0.0011678314857308486	1.6123463148522003E-4	0.03829255090287426	0.00208683614066772	0.008125875868940898	9.36551408073224E-5	3.5968170209486125E-5	0.001097983340808101	0.259914025987455	1.477657781468315E-4	1.1570596965695224E-4	0.130738346205642	3.0459324391063793E-5	0.09183925925593005	0.0484891488676913	1.1182972253078652E-4	5.875529488303841E-5	0.14668131495933912	0.2704169551881873
53	53	3.952857318099203E-4	1.71467460348518E-4	0.011147219766147833	0.003414653641656718	9.361108486127999E-5	0.0011512299297865166	9.384220695698645E-5	3.604001279125526E-5	1.0147980120990095E-4	0.2394605469912695	1.4806092452034354E-4	0.03407162298121349	0.11102554921780153	3.0520163641168886E-5	0.06505788898381829	0.028612067885119295	1.1205309046800282E-4	5.887265231469032E-5	0.258828319378585	0.24598966809567968
54	54	0.0033846152564745457	0.00216453731634816	0.0021546462927198432	0.04726290337843007	9.342447943309669E-5	1.5222922400240623E-4	9.36551408073224E-5	3.5968170209486125E-5	1.0127751019078937E-4	0.26390084930992425	0.010114824084319947	1.1570596965695224E-4	0.08488987799724568	3.0459324391063793E-5	0.10080961173148585	0.07639691212497603	0.003101947214382721	5.875529488303841E-5	0.19053637150650082	0.21460142867361787
55	55	0.0013898183551818136	0.0011666686602747542	0.0011567874852711768	0.15674431677189166	9.33314554272923E-5	1.5207764732461123E-4	9.356188712889748E-5	3.59323562205333E-5	1.011766668170504E-4	0.23277096438338826	0.03798472774198982	0.04193555344495529	0.1465395826390864	3.042899563369586E-5	0.025035016058095473	0.07333370250425734	1.1171837217784978E-4	5.869679144876289E-5	0.21026091983409745	0.07100501794933181
56	56	0.006933763236417317	0.010788061013715235	8.035939269095353E-4	0.12130400669923902	0.05014147887348982	7.587109467713742E-4	0.01536953281529948	1.7926547712574425E-4	5.047674396756217E-4	0.21247879852783474	0.06034748627566737	5.76678928509407E-4	0.3038693852913585	1.5180937167751134E-4	0.07025552884289153	0.09264252252455131	5.573597002450198E-4	2.9283658049676924E-4	0.05050099186947251	0.0015434216586521327
57	57	0.17949565410149304	0.19572745411469927	0.0012762397752516203	0.03231785843532491	0.028664822915938568	0.03971496376976948	1.0322328286038625E-4	3.964280631580689E-5	1.1162438059141911E-4	8.492280698468441E-4	1.6286205522999896E-4	0.015506986673332557	0.2704263170098264	3.3571157229088474E-5	0.006748060090758002	0.2259126286542591	1.2325464444864053E-4	6.475794463578549E-5	1.824718378524348E-4	0.0025383782803366163
58	58	0.1063409069808552	0.10405344549799588	1.663752748883243E-4	0.05082675402437555	0.32715425167042395	1.5708274801842626E-4	0.06283415297402785	3.711494330163089E-5	0.014503279746925009	0.0059374951986366055	1.5247699412839754E-4	0.012461200628061607	0.07525461618659335	3.143045896402487E-5	0.07522617794970443	0.16316834634293337	1.1539518932972027E-4	6.062858982132606E-5	1.708363394378846E-4	0.0013480322615773942
59	59	0.03532806829068042	0.12077761608687416	1.7112732015632824E-4	0.0554520570704218	9.915661824706296E-5	1.6156937819774265E-4	0.0212565928129029	3.8175028045635875E-5	1.0749147842127036E-4	0.015627819295046336	0.006503989488062166	0.14293384702913087	0.3217696146633636	3.232818228193638E-5	0.009671791300004427	0.26938331327772264	1.1869113077157688E-4	6.236027623662768E-5	1.7571580256107902E-4	3.286754708713823E-4
60	60	0.00449328312430714	0.08194958277880576	1.6535488595913325E-4	0.033138037806596694	9.58118860703148E-5	0.010377879864433698	9.604844185785828E-5	3.688731526448439E-5	1.0386559632728818E-4	0.06212076303189997	1.51541844137695E-4	0.30268277397355275	0.3303370882319132	3.123769418940429E-5	0.05636564263972722	0.11003664706694272	1.1468746413585965E-4	6.0256751266061934E-5	0.007325020950176364	3.175886524364068E-4
61	61	0.004497880750292031	0.06259221806898588	1.655240807103613E-4	0.006568174301308547	9.590992289658895E-5	1.5627909542845182E-4	9.614672073321005E-5	3.692505917566938E-5	1.0397187388679188E-4	0.03455733332328684	1.516969050811367E-4	0.3797341329633121	0.28769977389300627	3.1269657284214925E-5	0.019587326486257817	0.19814632791629047	0.002161248743593411	6.03184072974585E-5	1.6996232196376385E-4	0.0033875795092090273
62	62	0.005481838749956291	0.03268467535839692	1.643469369407866E-4	0.09084491575137246	9.522784831448832E-5	0.003203003305179766	0.03870138064740512	3.6662462318684714E-5	1.032324658016867E-4	0.06783776649839163	1.5061809488074967E-4	0.3455393082001639	0.13123009271711578	3.1047279476158954E-5	1.4507009104362172E-4	0.283092529428703	1.1398836706218156E-4	5.9889445921952564E-5	1.687536151248346E-4	3.156527364300275E-4
63	63	0.03541508675139573	0.19287868784866527	0.026994462930685408	0.043041433496819166	3.533036790734702E-4	0.008114177604463564	0.04558512688094847	1.360209544828397E-4	3.8300151282545626E-4	0.006683086360080214	5.588063575758616E-4	0.00420681157729211	0.32479759302449246	1.1518813307556714E-4	5.382227761775111E-4	0.30398745214939843	0.004192152760042258	2.2219510318052877E-4	6.260907301365693E-4	0.0011710993691891477
64	64	0.04556663366602366	0.061758574293738495	1.6603374884629628E-4	0.009667516239266913	0.030887382799280442	0.015552349076384702	0.25155772616171285	0.006195274267468473	1.0429201552978504E-4	7.934441076361494E-4	0.014521380191652486	0.19923543147983924	0.1438671008504971	3.13659402411779E-5	0.04017508987665603	0.1741235017460829	0.0011415308976933608	6.0504134776372316E-5	1.704856559671469E-4	0.004424382850706409
65	65	0.023321549171864363	0.07203095593982502	1.684543051761722E-4	0.010849791828998246	9.760778825478653E-5	1.5904565861946297E-4	0.06674333767435554	3.757873271569883E-5	1.0581245760918324E-4	0.03412775593995102	1.5438235109448356E-4	0.22088406895552007	0.3854717219748896	3.182321489600472E-5	0.01785140367930181	0.16104195970211937	0.0011581729349861437	6.138620644815149E-5	0.005379649935341994	3.2354154803284046E-4
66	66	0.10058379941136507	0.058010325197288	1.670625594324667E-4	0.032447532663368465	9.680136645562836E-5	0.0011904640403761274	0.040373603754150285	3.72682625187144E-5	1.0493824998739173E-4	0.003896557783998642	1.5310686585346054E-4	0.1478006206613017	0.37402514974234063	3.1560295976620494E-5	0.04042403057728259	0.17726790442073156	1.1587187873052178E-4	6.0879042256312664E-5	0.001204274446913189	0.022008248779672578
67	67	0.011696338351742627	0.04841573068508233	1.6603374884629628E-4	0.11641026510851622	0.002148950411405628	1.5676029716605276E-4	0.021650267058714295	3.7038755781012765E-5	0.0011306646008110285	0.05313844595697956	0.0032312817535588086	0.16947062650668318	0.4230404440469953	3.13659402411779E-5	1.4655905068753597E-4	0.12793673540842695	1.1515831241211754E-4	6.0504134776372316E-5	0.010434211508779581	0.01058261836239387
68	68	0.005555207979582503	0.0681265795662132	1.6654656533278726E-4	0.09206078907201501	9.650238304425424E-5	0.018689012502463957	0.012451252664344386	3.715315471939486E-5	1.0461413476966655E-4	0.03168217481308416	1.5263397569980087E-4	0.22867799032810399	0.33271776112292284	0.008267804165097715	1.4701171707590146E-4	0.1437750244181785	1.1551399360086237E-4	0.001090233677933359	0.0012005548911305354	0.054885638874687205
69	69	0.05491671695907574	0.03308806326794021	1.663752748883243E-4	0.07448188143439412	9.64031319065898E-5	1.5708274801842626E-4	0.02066631715616869	3.711494330163089E-5	0.005246925543004706	0.0018235599968942486	0.002209444594999576	0.21095857411213034	0.4012839809246752	3.143045896402487E-5	0.01968805272618261	0.1302568647289945	1.1539518932972027E-4	6.062858982132606E-5	0.042338672157297044	0.0023765160620129832
70	70	0.10987839096265403	0.03632294491094707	1.670625594324667E-4	0.06446223689558601	9.680136645562836E-5	0.0053213936187267805	0.05483185727837757	3.72682625187144E-5	1.0493824998739173E-4	0.0018310929948233158	1.5310686585346054E-4	0.05588743754299968	0.4659383328606427	3.1560295976620494E-5	0.0032456643721267154	0.1989552847070725	0.002181336667905848	6.0879042256312664E-5	1.715420523255257E-4	3.20868493331652E-4
71	71	0.0014311436123608644	0.04016352725952501	0.0022165039605085497	0.08348066011856956	0.004197387498509842	0.002207240017085867	0.015476147253759802	3.700077919561234E-5	1.0418508281698643E-4	0.04898268113478427	1.5200798089074838E-4	0.28105676933938106	0.2882897426866411	3.133378010828153E-5	0.04628581889274468	0.18317285142054826	1.1504023826535776E-4	6.044209866330744E-5	1.7031085357606057E-4	0.002369205992064783
72	72	0.15388773444684148	0.05975097352966189	1.6335120172276049E-4	0.07514766227601848	9.465088762347315E-5	1.5422757784140087E-4	9.488457695140296E-5	3.6440334023568255E-5	1.0260700722146715E-4	0.2168756537510223	0.011257393947340573	0.017283652412897116	0.045612655974631364	3.0859172109062425E-5	0.0011539810044975537	0.11375222966437791	1.1329774128209782E-4	5.95265913923665E-5	0.026422267418569245	0.2780059504839745
73	73	0.18784682136475447	0.01758844852387995	0.008359853781619415	0.1479241646376653	9.60081605552271E-5	1.564391674206432E-4	9.624520093677305E-5	3.6962880406767695E-5	1.0407836916013156E-4	0.2107671727942246	0.03907411304156225	0.010361606051309358	0.026805601060314772	3.1301685856705085E-5	0.018583119177604104	0.0846553110457032	0.002163462445887116	6.0380189633704086E-5	0.019631266788219227	0.22565764363328625
74	74	0.20601110082577592	0.044739658660625216	1.6384755652393694E-4	0.14931465097168226	0.007184945730591876	0.007244703449023346	9.517289081032002E-5	3.65510606944364E-5	1.0291878626032087E-4	0.17398174497674299	0.0072401676697656505	1.1758106945691912E-4	0.07107270785505633	3.095294000348331E-5	1.4462928475975477E-4	0.16068935043555113	1.1364200491318675E-4	5.970746737689349E-5	0.008271106260907232	0.16338486010347875
75	75	0.13773109676217934	0.003202741633344369	0.0011731410570141449	0.30336016957187134	0.004133810308789011	0.0011640174331327851	9.488457695140296E-5	3.6440334023568255E-5	1.0260700722146715E-4	0.30169800159549853	0.04559024902724764	1.172248729435834E-4	0.022387489302929522	3.0859172109062425E-5	0.0011539810044975537	0.08345853400563638	1.1329774128209782E-4	5.95265913923665E-5	0.003197100746867407	0.09119482725506838
76	76	0.2694368359782652	0.042683259742561576	0.0028877775744167106	0.07064069784428799	2.3299049082245725E-4	3.796431281508162E-4	2.3356573520295302E-4	8.970070458990496E-5	2.52575095433382E-4	0.16597618020898613	3.6851177963316626E-4	2.8855810409697964E-4	0.02776610354987995	7.596224226303045E-5	3.549376817198287E-4	0.16566883048666886	2.788911653465075E-4	1.4652931518896635E-4	0.027755318626985586	0.2244831305455001
77	77	0.044560449933630786	0.029279878723922886	0.07845164188183139	0.008450333460772003	9.408087613766869E-5	0.008182967952027682	0.07838358758031967	3.622088115353692E-5	0.012146492839239478	0.04594281268971259	0.012193307731931058	1.1651891523227674E-4	0.44983254958614755	3.067333040185566E-5	1.4332279378698076E-4	0.13314135801434995	1.1261543374681717E-4	5.916810726552538E-5	0.027266854515408435	0.07157516475298184
78	78	0.0033947660056889003	1.7163887551750368E-4	0.013157753658879164	0.011415627543806055	9.370466739815207E-5	0.004151465917327882	9.393602054547037E-5	3.60760418131484E-5	1.0158125006344828E-4	0.045759097482526885	1.482089402916464E-4	0.1400733580541407	0.6529712505458122	3.055067449726594E-5	0.004141529822371532	0.08562328829256531	1.121651093863381E-4	5.893150701297911E-5	0.015161479924177634	0.02330358966617782
79	79	0.044249554311784324	1.7112565511353698E-4	0.059963584468523914	0.01437161096805879	9.342447943309669E-5	0.025069874989435196	0.20142823292550427	3.5968170209486125E-5	0.03199586408994476	0.0057540391800405604	1.477657781468315E-4	1.1570596965695224E-4	0.3559938639251545	3.0459324391063793E-5	1.4232283913738584E-4	0.25979078495856134	1.1182972253078652E-4	5.875529488303841E-5	1.655578585943138E-4	3.096750908958753E-4
80	80	0.0865815307479382	0.03768782384198602	0.05592769411533894	0.14338272827829893	9.503474812168695E-5	0.00319650835053445	0.039636788239959565	0.001050473218110566	1.0302313408410094E-4	0.003825445870267244	1.5031267599671904E-4	1.1770028315114721E-4	0.33678266331065515	3.0984322728118135E-5	0.0011586610210767732	0.28251848283434144	0.007210952916730983	5.9768003888356414E-5	1.6841142157333354E-4	3.1501266521827834E-4
81	81	0.30935025608431066	5.343558449832891E-4	0.08453576109771851	0.044876697871590286	2.917266649262761E-4	0.04715995602797152	2.924469266161297E-4	1.1231397169548268E-4	3.1624848711256663E-4	0.017967524893199367	4.6141244682964687E-4	3.6130269973038407E-4	0.22772888978019962	9.511208598037658E-5	4.444163612827126E-4	0.26345495182062584	3.4919875595239194E-4	1.8346889730612163E-4	5.169698801976432E-4	9.66989401771191E-4
82	82	0.05316691501315059	0.009132375838423796	0.01210963485522611	0.0322801421133129	9.33314554272923E-5	0.0011477910445932414	0.0070635556680093085	3.59323562205333E-5	1.011766668170504E-4	0.02765400454605045	1.4761864578187288E-4	0.03496555966407488	0.6175120195471485	3.042899563369586E-5	1.4218112637971942E-4	0.11714509198407708	1.1171837217784978E-4	5.869679144876289E-5	0.05094677627111663	0.036155049044929756
83	83	3.9806858009551146E-4	0.004195584852551271	0.03435743113995384	0.12211454535836794	0.021214548903672498	0.05546862300766704	0.0021059579874884286	3.629373783048096E-5	0.015188107648494141	0.06514404826104817	1.4910328718817346E-4	0.006151118655822517	0.5020294732005391	3.073502842942193E-5	1.436110811547395E-4	0.10022015635685046	1.1284195463791933E-4	5.9287121257983536E-5	1.6705641350677175E-4	0.07071340742344356
84	84	0.017407899103256963	0.00117250606023754	0.0021632708714830902	0.04344930475751315	9.379843723025745E-5	0.0011535339908376504	9.403002189161217E-5	3.6112142943196406E-5	0.033124631975871684	0.08983548716731879	1.4835725230036002E-4	0.1071905797490016	0.5195314887412297	3.0581246417511305E-5	1.4289252639422087E-4	0.14775208756746264	1.122773524983119E-4	0.0020603813324671216	1.6622055056196794E-4	0.03433455915308268
85	85	3.9568089699390383E-4	1.7163887551750368E-4	0.0011614132240991787	0.01741379776119605	9.370466739815207E-5	0.002152075844864551	0.008091496310398794	3.60760418131484E-5	0.025093957155855082	0.12573470038106013	0.0041469890852183075	0.12407823747443406	0.549002966777719	3.055067449726594E-5	1.4274967744486996E-4	0.11361474930705194	0.0021115551818496688	5.893150701297911E-5	0.010163004743019306	0.016305724412556163
86	86	3.9647360237849317E-4	1.7198273609268246E-4	0.018192602949767524	0.13364563171334498	9.389239492043579E-5	1.529916624122167E-4	0.024134871913409284	3.614831639809101E-5	0.07923591260941887	0.14401715750821642	1.4850586143670555E-4	0.0011179833026557125	0.30869366208930127	3.061187958540845E-5	0.005151524766078544	0.16593065128800116	1.1238982047764704E-4	5.904957013729484E-5	1.663870533252564E-4	0.118511568962642
87	87	0.06463462286239746	1.7232797721119115E-4	0.010199453924024653	0.05361722255049704	9.408087613766869E-5	0.04833131380956106	9.431315812960437E-5	3.622088115353692E-5	0.016161327424992815	0.0017796322464258849	1.4880397467104714E-4	1.1651891523227674E-4	0.5973777206125827	3.067333040185566E-5	1.4332279378698076E-4	0.18433049898270498	0.0041274500195001545	5.916810726552538E-5	0.0021741383544500808	0.016371189198873454
88	88	0.006425971171800983	1.7250111807492325E-4	0.0021719647723397345	4.2108693786576794E-4	9.417540080173518E-5	0.07550723452756003	0.028226486426888204	3.625727289183472E-5	0.03225303842154378	0.08517293871583928	1.4895348056740974E-4	0.032267582853168365	0.5979779162174693	3.070414842110745E-5	1.4346679264723756E-4	0.10514304890137177	1.1272858039766303E-4	5.922755447405839E-5	1.6688856907318277E-4	0.03346782813680355
89	89	0.06986353399401071	0.0031930686483592824	0.07063466257501912	0.02156347620701911	9.43650211004683E-5	0.010221162452294407	0.04439116097771261	3.633027619055678E-5	0.08064150251706068	0.058162450911606677	0.02028405474684043	0.01119101157128342	0.41796872071043606	3.0765970614019734E-5	1.43755660184285E-4	0.18992091801755784	1.1295555715495624E-4	5.934680797844483E-5	1.6722459589179353E-4	0.0013195327816851493
90	90	3.944977646226107E-4	0.0031612431469654717	0.0071381754458064006	0.08115090161941867	9.342447943309669E-5	1.5222922400240623E-4	9.36551408073224E-5	3.5968170209486125E-5	1.0127751019078937E-4	0.2240326160852318	0.001144471608764143	0.004102529292126199	0.00415670571724345	3.0459324391063793E-5	0.46759735739865654	0.1421794969457186	1.1182972253078652E-4	5.875529488303841E-5	0.06395473101810226	3.096750908958753E-4
91	91	0.1380439099183691	1.7250111807492325E-4	1.625305930028168E-4	0.15112865038813458	0.019183800104502453	1.5345280242562372E-4	9.440791617135778E-5	3.625727289183472E-5	0.02722945297320148	0.04297482094976401	0.004167821839241245	1.1663598377768025E-4	0.029308043465121617	3.070414842110745E-5	0.22620481196805048	0.3101053351937374	1.1272858039766303E-4	5.922755447405839E-5	1.6688856907318277E-4	0.05054801866116736
92	92	0.010361556070795726	1.7112565511353698E-4	0.004148057953954466	0.066200314160159	9.342447943309669E-5	0.0011489350546197178	9.36551408073224E-5	3.5968170209486125E-5	1.0127751019078937E-4	0.08748391729066012	1.477657781468315E-4	0.15659852137657487	0.069939290537986	3.0459324391063793E-5	0.3260651294509983	0.2019818467827573	0.001108535553148098	5.875529488303841E-5	0.061961319356867633	0.012270145058303615
93	93	0.05027990356853783	1.712963872214443E-4	0.021113100624944054	0.14408698128266978	0.01306362086454281	1.5238110313637817E-4	0.05596496225957116	3.600405566169E-5	1.0137855478744557E-4	0.0995436029475263	1.4791320409978306E-4	0.1338076541414407	0.005158553107820875	3.0489713666448995E-5	0.264533029565684	0.20318106436489813	1.119412950722719E-4	5.881391505509525E-5	0.007149624745586147	0.0013076842980776875
