0	0	0.1669828359932314	0.08205574107919979	0.3216161052894999	0.05513800656185775	0.3739272915573924	1.5950107613154375E-5	2.640694112056151E-4
1	1	0.015598311166604784	0.19308100833058395	0.23127654454649346	0.085899282321596	0.32928122739801957	0.002189318125198117	0.14267430811150417
2	2	0.018214749165368783	0.29669913502384304	0.06279130101879889	0.004323441729431085	0.3841412754555532	0.0014000881949479075	0.2324300094120571
3	3	0.11146313249987275	0.005505649028168374	0.5361329834795612	0.07600300721862285	0.2668988913315981	1.8072104716633618E-5	0.003978264337460187
4	4	0.06071750138636313	0.01837524922878544	0.524077776664492	0.08768011622924152	0.30781105756016314	1.0913493114197528E-5	0.0013273854378406183
5	5	0.03271729537519242	0.004907765955508773	0.5781823450596218	0.046589903049731395	0.2329770606187759	2.2349229123751688E-6	0.10462339501825726
6	6	0.3885435166338213	0.025845735335796968	0.18031848855439137	0.0025237051292957987	0.37540535912974476	5.936455993262091E-4	0.026769549617623546
7	7	0.46845758175932084	0.010529930929711221	0.24453270587819964	7.941591580990953E-5	0.2741590665720019	0.0013644538436621472	8.768451012944545E-4
8	8	0.03677878251451989	0.029982876728360194	0.5289332562584134	0.0815362220044138	0.20418154205126957	1.0801943087170783E-4	0.11847930101215154
9	9	0.0728732790534424	0.3369788455460981	0.003039686369712695	5.312299061109884E-4	0.3947718989017248	2.375217984600844E-5	0.1917813080430651
10	10	0.09240740888736566	0.24247066177374016	0.2144958984205348	0.027627681233101165	0.37222228355268877	0.0036868177858787187	0.04708924834669078
11	11	0.09644233042150549	0.027249244315180755	0.43303592908132743	0.02733072348491012	0.40938432730484897	1.2226085372456491E-5	0.0065452193068548156
12	12	0.008617096110328657	0.05003844956699855	0.3334898998947616	0.08642007012452549	0.22794748613455385	0.01353255236056524	0.27995444580826667
13	13	0.20983554869827542	0.08182426138228743	0.2430701222452656	0.01872386916373916	0.36773882720933887	0.004534604378227929	0.07427276692286561
14	14	0.013142412143709752	0.1885061871903548	0.25213369275577147	0.09560166186910218	0.16157667568946746	0.013662860053702992	0.27537651029789134
15	15	0.049355695035122826	0.2195854445219553	0.25741113948791894	0.053695629925323944	0.290114095458582	0.011695249349252066	0.11814274622184488
16	16	0.024063466457836854	0.21935326894564286	0.266163030857721	0.07548972988087835	0.3128519148798481	1.0964571317735778E-5	0.10206762440675515
17	17	0.469360075495508	0.02258608284245675	0.23733681243777524	6.623047775202065E-5	0.270619073858729	7.174378620902603E-6	2.455050915808463E-5
18	18	0.04999896442084156	0.010813722569405155	0.1138494367246779	0.043875346193292974	0.6769433985929707	0.016805651224349898	0.08771348027446178
19	19	0.02651626836630017	0.02552604247744638	0.01840875246205827	0.03236848623175128	0.680958528570658	0.025054697110724347	0.19116722478106163
20	20	0.0123548239343444	0.20398131530910876	0.3286444570405654	0.10820375381182128	0.2221189318690314	0.0018720330745581602	0.12282468496057064
21	21	2.7656990685583347E-5	0.4446855669510368	0.12528113874948724	0.08424203025244673	0.18340359166587789	2.161773832407137E-5	0.16233839765214172
22	22	0.025279093267027118	0.06001336628180118	0.05604433390532055	0.008137008449839753	0.5995111684992609	0.036221718878679754	0.21479331071807073
23	23	0.01155937710705535	0.4008788409305459	0.14346120851702904	0.05929402040089365	0.24967570293116412	1.0163252547809814E-5	0.13512068686076414
24	24	0.009780211385788152	0.4390706218367151	0.020533336888972176	9.632956909817054E-5	0.21198794925892367	0.09167781595878234	0.22685373510172047
25	25	3.1381383124456026E-5	0.43868644997612793	0.012159616706253162	0.02632155597929036	0.20020842868786368	0.01532722098568223	0.3072653462816582
26	26	0.1851219896853141	0.19323835812712092	0.06640113799598717	0.004761043278680288	0.5397097832298592	0.0023697703346959712	0.008397917348342448
27	27	0.015901558972856295	0.031148551559293556	0.11119925952897994	0.11149195269043347	0.5400151295705959	0.18205925847780702	0.008184289200033812
28	28	0.016836630669188002	0.19783550915405484	0.38338668747674426	0.12366779722864105	0.19891296075770157	0.003963944649417326	0.07539647006425296
29	29	0.04749171699297385	0.17633412558023887	0.11352909306703471	0.02722728524376973	0.33826443418280067	0.015461989503119108	0.28169135543006313
30	30	4.423019611871184E-4	0.06130191516857652	0.04486345468530438	0.0058419872409060936	0.20412206857533075	0.011614466802711587	0.6718138055659836
31	31	0.026810984630032026	0.2766420126889731	0.23286284645103877	0.053459900820863694	0.2867322039342211	1.7582439403164877E-4	0.12331622708083968
32	32	0.03564402505550124	0.3439413871282997	0.25465089147664155	0.07477525635898201	0.27705396812621613	0.013364829216614622	5.696426377447372E-4
33	33	0.010886767964394518	0.23852076525886956	0.3526108652041262	0.13461795669687796	0.18401186373422132	2.062314812872576E-4	0.07914554966022319
34	34	0.002703227296639406	0.04279850779939676	0.06313364763845097	0.003778094598666729	0.12990393113923301	1.4599784820611589E-5	0.7576679917427925
35	35	0.008166744160012349	0.3140292776631661	0.22343788282449167	0.0961576037651343	0.19175572848765454	0.029864594723950685	0.1365881683755904
36	36	0.041807666164351005	0.007816098876792608	0.1731022727469942	0.1631680108941293	0.5563372171669525	0.01992559295983472	0.03784314119094573
37	37	0.0034483939994313455	0.06955265957032261	0.02016904151836803	0.023283738737683645	0.18608729276564867	1.1881703595688451E-5	0.6974469917049501
38	38	0.012146241754231402	0.35059861077538623	0.037558508118617495	0.05775596677808605	0.28833430169276075	0.011393020765392317	0.24221335011552575
39	39	0.0015212651169434202	0.029933047965484322	0.1514710318603347	0.09683217230143909	0.1452021456510123	0.0030269627525994084	0.5720133743521869
40	40	0.3545224750069723	0.009399191052653733	0.3098209634891484	0.005299143241026489	0.3204587262585065	1.4010340310916157E-4	3.593975485834158E-4
41	41	0.09864497997114399	0.37027384380770756	0.1556424266718618	0.044616034028839936	0.2697240048480102	0.014491922132109267	0.0466067885403273
42	42	0.026938056827121956	0.05760967673370261	0.0442622802335953	1.7272657346997412E-4	0.24453556541210894	4.4171819284442014E-4	0.6260399760271569
43	43	0.004676981498343035	0.004899325085351816	0.13845090389032355	0.09764099262751409	0.33035196710947257	0.37229226383132596	0.051687565957669025
44	44	0.15613205556925655	0.06285549444689716	0.0997841607312501	3.304481829026278E-4	0.5427536585297913	0.032240340197547866	0.10590384234235455
45	45	0.004703112447264108	0.09496359916626013	0.04815212909732917	0.002409869138532973	0.17211769976106536	0.0034015350865630456	0.6742520553029853
46	46	0.12471253458419007	0.2850532517787968	0.06625419901650909	0.01236803888374349	0.4565144968838686	0.009283181596887272	0.04581429725600465
47	47	0.013959978978584548	0.42618017831875166	0.1417247936864127	0.0694920978539439	0.2006396644852295	0.041244433709282005	0.10675885296779575
48	48	0.0018677759451966997	3.661964640606696E-4	0.0837008350919438	0.12672666529302937	0.5945582875756659	0.19147513772992542	0.0013051019001782149
49	49	0.03489190060194673	0.4610738074277529	0.11883990857150135	0.04445283561257849	0.12929716109587633	0.010658026185073489	0.2007863605052707
50	50	0.012129327204257242	3.807068501435846E-4	0.04595147124290015	0.1911215252714409	0.6101621662470866	0.07804547578816588	0.062209327396005674
51	51	1.4506076315925623E-5	0.03174900052381141	0.0038337589927970026	0.021400186513533776	0.06678344465505247	0.008946519572103183	0.8672725836663863
52	52	1.6011877834430417E-5	0.019100009079087973	0.06932551868528183	0.021320334470851066	0.10946816690355789	1.2515482578592566E-5	0.7807574435008083
53	53	0.081915128038983	0.009794039548001433	0.1958534289655806	0.00880255090415727	0.3192328775531065	9.532355021900474E-5	0.38430665143995224
54	54	0.09426201944275556	0.14936348957797077	0.38231094546344696	0.10982942016219717	0.20256933678938419	0.040437983687679924	0.021226804876565374
55	55	0.005781285351251101	0.024758453468967694	0.17090024527123854	0.13216707065889902	0.3368861474416506	0.16486483257794346	0.16464196523004956
56	56	0.027421916925825164	0.05695099120579928	0.12811672235572868	0.02745610271226128	0.38766338023248725	0.20893681713980497	0.1634540694280934
57	57	0.016133349166289508	0.0158358430762241	0.12182076710743825	0.43625406771654934	0.3919744884320878	0.0018356970821706284	0.01614578741924044
58	58	0.02054605805889536	0.03171263509182981	0.036372636378229926	1.7767617638813932E-4	0.22694921527140047	5.282308695454326E-4	0.683713548153711
59	59	0.018596799648728183	0.0721176237402838	0.03510380116648641	2.9337963082935518E-5	0.2408453773701515	0.028210458486354006	0.6050966016249133
60	60	4.169842213623356E-5	2.977099068771067E-4	0.2560943399760532	0.25115393471584485	0.18854764585297967	0.022720667633252836	0.2811440034928562
61	61	4.6357694432437016E-4	0.0047567242432803875	0.13127498836412563	0.5224458227379047	0.26268806178259174	5.349973369417318E-6	0.07836547595440375
62	62	1.2695777770608986E-5	2.5475169110644724E-5	0.2449966373313605	0.11511235393512427	0.06613891815504326	9.92349474263846E-6	0.5737039961368482
63	63	0.3538604103478505	0.07811430982407483	0.1961971441299292	8.823862393628019E-4	0.32704763271185233	7.3002626650119065E-6	0.04389081648426532
64	64	2.473854115690568E-5	0.2232860915655859	0.05022027855606502	0.08855880772027427	0.36252501760509037	0.033288932876125374	0.24209613313570225
65	65	4.020122060115433E-5	0.04754192350572292	0.049419054908505254	0.13999125641213409	0.3322093007523516	0.08628709727406926	0.3445111659266158
66	66	0.005318543339281218	0.45308523744070306	0.19817648528770818	0.05962662322390696	0.10163277351532383	4.0103839049072136E-5	0.1821202333540276
67	67	0.019136018034414264	0.032799435658351826	0.07809015381532415	0.3017433395267591	0.4209695167689551	0.10789908709738336	0.039362449098812265
68	68	1.4954830651924185E-5	0.031119145893593898	0.09683595537709852	0.037875454792819625	0.13670819123732497	1.168925496592869E-5	0.6974346086135452
69	69	8.826428699152196E-6	1.7710987685566934E-5	0.2976381998693973	0.12596948358110258	0.0694047440071459	6.899066790148188E-6	0.5069541360591794
70	70	0.00576060142035846	0.02940834786503155	0.07190474623327413	0.4358154381804669	0.33304863212876545	0.02230227508575516	0.1017599590863483
71	71	1.6511271180187506E-5	0.03893454194366165	0.07013166701421054	0.017069646239159807	0.10669542736572789	1.2905827095539116E-5	0.7671393003389645
72	72	0.07321725928178634	0.06666166698621208	0.5075007922273632	0.1192288889344497	0.19474653913434714	2.7863355137485433E-4	0.038366219884466625
73	73	0.005776140725666665	0.06552263659362985	0.309941646811151	0.13699211542328485	0.25143295538484234	0.03184472453545164	0.1984897805259737
74	74	0.016673112628851672	0.03173998383895287	0.16490555151379474	0.5072836050013916	0.264392024886213	0.00522656708491401	0.00977915504588213
75	75	0.003370849313484858	4.3248102010010644E-4	0.3233613731234429	0.10101316609800841	0.05318699687227096	7.0128118079044586E-6	0.5186281207608849
76	76	0.004447343754143852	0.022276848585883538	0.03258743776254964	7.129781832781016E-4	0.21227430689078863	1.4660224528206813E-5	0.727686424598828
77	77	0.0037804588138158524	0.003340250741696431	0.13382784094945213	0.5548638845531066	0.30370831682580357	5.1738745554257056E-5	4.275093705711055E-4
78	78	1.807873030517387E-5	0.021565485106605994	0.03846375049290102	0.00504876141301204	0.1252689560628645	0.010221945425011569	0.7994130227692998
79	79	0.6182820661898454	2.1184453410977637E-5	0.13756460353955235	2.1987994126297922E-5	0.24336917697344188	8.252106635149463E-6	7.327287429880006E-4
80	80	0.013381656360898312	0.020482689069183595	0.10644184945124169	0.40861986793270333	0.38149639941328306	7.712918756132024E-6	0.06956982485393391
81	81	9.743630841278857E-4	0.020776996389943334	0.0058766381363237604	0.01991824436630788	0.025222600740985115	0.018938275685576527	0.9082928815967356
82	82	0.6544226265379837	7.874415650489572E-6	0.09349533044069729	6.326184241647531E-4	0.25142798637125185	3.067368148552623E-6	1.049644210341162E-5
83	83	0.018657876942454802	7.815068814441504E-4	0.30303644607509633	0.10580144749075264	0.049561976375104615	6.842951756881613E-6	0.5221539032833906
84	84	0.5658189994225337	0.007368640417559064	0.12727098312472265	0.005424281856276206	0.2857806696261614	2.409458221230653E-5	0.008312330970534713
85	85	0.6010393579207669	0.014054933833760488	0.14672070486866776	0.007641996635360087	0.2300675470871363	8.347556090556795E-6	4.671120982179363E-4
86	86	0.004528587320311713	0.02253173238118578	0.09649498516802471	0.5837260277824895	0.22079696635681942	0.0011688927128135796	0.07075280827835527
87	87	1.7217538462511085E-5	0.0014485933674670552	0.04485064118235936	0.04219207240779985	0.0875740571107989	6.321025144341742E-4	0.8232853158786783
88	88	0.012560815227077504	0.046299603103307635	0.06812249187414185	0.04366508033851754	0.4389092969120371	0.1633469192152412	0.2270957933296771
89	89	0.08697489826212526	0.40809211343206214	0.2039775131475349	0.08205684010872535	0.11870810990152496	0.0026292363852403484	0.09756128876278707
90	90	0.008471001142456398	0.01677447506420204	0.11137798598610318	0.6245075007212029	0.22237599564058835	0.006751513893630023	0.009741527551817156
91	91	1.712220541668475E-5	8.25353321358294E-4	0.09619283072490445	0.05487805973972885	0.07302700823473639	1.3383356144449637E-5	0.7750462424177109
92	92	9.080680502718582E-6	0.013069365159970136	0.009344973604678	0.3957482427022878	0.2925276672097799	0.2044905574513601	0.08481011319142132
93	93	0.006758906163505465	1.3873859099930395E-4	0.46685735181169624	0.11236852952950048	0.05715405343731413	6.230360499405074E-6	0.356716190106485
94	94	8.208349628632415E-6	0.011055459548113511	0.07447051856070057	0.6996867437251428	0.18449881335593907	6.415953071740394E-6	0.03027384050740373
95	95	2.056521095360098E-4	0.0247434491947144	0.0321522846006583	9.916761010543952E-4	0.16890220408966794	9.802126415392682E-6	0.7729949317779536
96	96	1.889036659625614E-5	0.03562385846578806	0.04242074526052757	0.03155278931398969	0.09976725969226834	0.007965850355454227	0.7826506065453759
97	97	0.6586793129072244	0.005749456129992949	0.1361611060162231	0.007019639849363809	0.19222100742664144	3.86723836823492E-6	1.656104321860566E-4
98	98	0.5068859095522321	0.02703199160104266	0.1277195113802408	0.04099905646916018	0.2890806625609681	2.564938601625204E-4	0.008026374576193686
99	99	0.0013189173384140504	1.420792553429516E-4	0.1184621307784696	0.7016499323591842	0.17702016103083693	6.032946054908954E-4	8.034846322614954E-4
100	100	0.0011128515332982964	0.004721964404467832	0.11333146598326505	0.6655222472702604	0.2084091111753279	0.0037300839022624266	0.003172275731118063
101	101	0.6606573902907451	0.014630321369836488	0.10565810161544145	0.006038437150837532	0.2123114386917376	5.495299123841355E-4	1.5478096901773886E-4
102	102	0.006409310162371072	0.028480121852613505	0.05159371181225528	0.6260314617259874	0.25802764203013534	0.026578256522536405	0.0028794958941008976
103	103	4.969759295970114E-5	0.321268441259536	0.08711289654914826	0.08250024543181009	0.14691250397161634	0.14212858048870833	0.22002763470622122
104	104	0.009885510694014079	0.1215548310759636	0.02643214923542313	0.08038908193221389	0.037869504112571256	0.5505352701624254	0.17333365278738858
105	105	0.09596473605760618	0.0868326155764037	0.08517038412764745	0.08800745398618956	0.17663857225534177	0.03553600346659758	0.43185023453021376
106	106	0.005379332870705463	9.955638417912548E-4	0.130272900404348	0.6332876813680363	0.18718219418908943	5.970681305795966E-6	0.042876356644723834
107	107	1.567057089781395E-5	0.03365419615228651	0.04950810287349743	0.04700796493346476	0.04551985960831237	0.0016209928098201063	0.822673213051721
108	108	0.5884093407489785	0.0061223825467347365	0.10459380102596441	0.007009770485073943	0.2925778955568067	7.941803574153212E-6	0.0012788678328675184
109	109	0.001201341385435104	0.015537520692195812	0.07069232085496105	0.6285820104653458	0.2744091056715888	5.6821624968206935E-6	0.009572018767976611
110	110	0.006530927861009769	0.007296658454853344	0.06099752004076953	0.6145844426245092	0.18827145635818304	1.7473662712678306E-4	0.1221442580335484
111	111	1.820373673334576E-5	0.018257321933008688	0.007894519511951107	0.006859030837338115	0.0938983451229205	1.4228721472104513E-5	0.8730583501365762
112	112	0.0011898364170470728	0.19751713874671747	0.003980500818498408	0.032389259655813164	0.14986561981033406	0.458686142536327	0.15637150201526281
113	113	0.0617030752454747	0.14647960453239506	0.034587003158998174	0.03413266185694498	0.09161334934642311	0.5051880569681456	0.1262962488916183
114	114	0.6052554750716616	1.6467289789357692E-5	0.1657811193827957	0.0016178293914417424	0.22709012033382278	6.414601722188897E-6	2.3257392876669357E-4
115	115	7.316246875959071E-6	0.029870406563087565	0.03471855161749112	0.58811670590256	0.23595057281231024	0.026256224807692134	0.08508022204998292
116	116	1.82840343373388E-5	0.0010690620327897969	4.576282626418638E-5	0.023407263115889296	0.02861603705211029	0.02253880523017762	0.9243047857084316
117	117	6.106020103560784E-4	0.7503053691327318	0.004662492854312983	0.0012716990383115682	0.0185092815468332	4.772693685329346E-4	0.2241632860489214
118	118	1.8749429691252266E-4	0.7375824354872297	4.6927657085019396E-4	0.0013529040276099931	0.1250224108074489	1.4655255497567397E-4	0.13523892625497305
119	119	4.058206566784616E-4	0.8465454842339041	0.0030988039341575575	0.0279252636065571	0.08104340599479382	0.031563430103876924	0.009417791470032131
120	120	0.0022693674496211272	0.04413967282816715	0.026443110581022302	0.04220528898585272	0.5457972547515725	0.11939777167638368	0.21974753372738048
121	121	0.4893555968342462	0.022051080441883638	0.11932767261652455	0.02731530202823956	0.33325915747523327	5.343590286129679E-6	0.008685847013586784
122	122	0.0021354754566071344	0.0029060919085624375	0.07296199819304221	0.6173171397685816	0.18421898243337545	6.113056915600571E-6	0.12045419918291562
123	123	0.0027755733320439205	0.09722867749566307	0.04607736952133041	0.038202793438228175	0.1412867504264071	0.5236438135600731	0.15078502222625428
124	124	5.194328735800389E-4	0.6996009407047205	0.017297606919216574	0.030410619791873993	0.07173699865030635	0.035067315421250904	0.14536708563905185
125	125	5.565290760904521E-4	0.8095542208811712	0.015676276013855663	0.001159081494743081	0.02258349879088932	0.07185174399942677	0.07861864974382365
126	126	4.904406123375176E-4	0.012237947195380303	0.0673249483736723	0.6168456236578359	0.1735168842525872	0.007560101902267786	0.12202405400591904
127	127	8.395473356427812E-6	0.016478774507784424	0.06276595415596342	0.5977320011741719	0.17668154662619734	0.021984529276720562	0.12434879878580592
128	128	0.007235687622224554	0.12887499059363058	0.057724711162737315	0.08007754869724527	0.07046973391141303	0.5065774597393042	0.14903986827344498
129	129	0.007259992017312145	0.7780586443781706	0.001108048452275203	0.0031944556941213456	0.06568573946805029	3.4603758594547573E-4	0.14434708240412497
130	130	2.0879457602495467E-4	0.5705871740732602	0.0015943334647194368	0.15155086635442475	0.01811841744591288	0.02052635200027374	0.23741406208538401
131	131	0.003156638834223517	0.4720198569608284	0.0036546200540576086	0.16617723814450364	0.07238110059580039	0.09327691375092355	0.18933363165966288
132	132	0.6879987073755895	6.183765445184466E-5	0.07737887871263502	5.959948060638352E-4	0.23389018682764462	6.769937744164013E-6	6.762468587101405E-5
133	133	0.468761029591694	0.03868493422532592	0.1721874574689981	0.04045693501821483	0.2798465742352799	5.739343790017214E-6	5.7330116697195196E-5
134	134	0.006765826717765415	0.009517954049172437	0.11797512962721282	0.6956653591393248	0.14821825605573805	6.236739867138864E-6	0.02185123767091937
135	135	6.08011737015598E-4	0.009229142514530709	0.13618338842578964	0.09240246237789843	0.09192018134782547	0.014182479170132248	0.6554743344268079
136	136	0.0363659579850239	0.08540758404894115	0.02301691416774605	0.04865888397008317	0.17249167399054838	0.4769148385328746	0.15714414730478277
137	137	1.0157015467093732E-4	0.3980020023310806	2.542183664761794E-4	0.07215931266646217	0.10474424432965965	0.19350420051454276	0.23123445163710774
138	138	8.67858797309261E-6	0.015742605360774514	0.07401475917436333	0.5980653540590588	0.17453204802637062	0.01858300067258601	0.1190535541188736
139	139	0.0021837797456069966	0.003751824804133669	0.13093641009236828	0.6613312286855992	0.16753133626259104	0.019095659484073754	0.015169760925627045
140	140	0.01636913817040527	0.07145036262986337	0.046059111376196615	0.059942087320564996	0.19926256623096494	0.5018368373252476	0.10507989694675716
141	141	6.952655769196563E-5	0.231041228197875	8.877780481833248E-4	1.4480276031588127E-4	0.12951392733615785	0.3908385490674077	0.2475041880323681
142	142	4.2531175774449074E-4	0.6492429534659162	0.018529544023814404	0.06419655764458561	0.09803460626933493	0.006881828757569875	0.16268919808103455
143	143	2.1863610413786969E-4	0.6838959185112736	0.002791743762921172	0.04759033253112141	0.06947419270354499	0.06638431809123121	0.1296448582957697
144	144	2.105012756291718E-4	0.17272390818218428	8.5905670583096E-5	6.000195453534377E-4	0.17968553828039296	0.4288455621413325	0.21784856490452462
145	145	4.5725571087001856E-4	0.5219733619727981	0.05043352409466768	0.181678899965647	0.0631499352119325	0.12005942525481829	0.06224759778926646
146	146	5.849355241188816E-4	0.7427863325285937	0.007468986458614208	0.0012182435217703666	0.09279325400103182	0.08152417285373699	0.07362407511213404
147	147	0.0023307077044574112	0.010289014317828943	0.08994962022982296	0.6654092569108271	0.19837686640868143	0.0024380835505955203	0.031206450877786653
148	148	6.709400160156268E-4	1.726131259193212E-5	0.03658257095370381	0.26583610772602734	0.35695168617478373	0.3386820611424485	0.0012593726744290963
149	149	0.002522894393736897	1.0190137827889688E-4	0.11079065684514293	0.7425888713278306	0.11698839665293126	0.01044843672024925	0.016558842681830194
150	150	3.943210161800766E-4	0.7598114606449946	0.0030109938864644275	0.002845305162589509	0.022073388977065022	0.06710199555863801	0.14476253475406847
151	151	8.334772086744602E-6	0.09610615835515215	2.347733359454383E-4	0.02876718053024779	0.30233969382154413	0.2674397522699745	0.3051041069150492
152	152	0.0012169611593773391	0.08488557194610159	0.057647889820387196	0.08198816556947226	0.08713232293976243	0.4938957464564927	0.19323334210840645
153	153	3.927311979352672E-4	0.6861917949012443	9.829608306376261E-4	8.179401283627917E-4	0.14495388938650366	0.006354653504710917	0.1603060300506055
154	154	0.014351114441214475	0.12683722197004213	0.03242568897783158	0.07726904670216853	0.1388467770120581	0.44394703971913413	0.16632311117755105
155	155	1.1196031850729776E-4	0.5892854880575239	0.01464756106503109	0.030691934546201304	0.19016925712570182	0.07479766642841744	0.10029613245861727
156	156	0.0986903421534537	0.07388176561799444	0.04092812698669235	0.03447973865587964	0.1562493370083547	0.4710155961719747	0.12475509340565051
