0	0	0.012703999266457263	0.011857810277175947	0.0061768855913545565	0.4215699788569708	0.16391395930487285	4.660050544904306E-6	0.3837727066526237
1	1	1.3799136036876093E-5	0.00399108328556336	0.02233183661891847	0.7686516277079747	0.12868453359523047	7.717692220083999E-6	0.07631940196405601
2	2	6.201722196245035E-4	0.0012177459691712319	0.33848193924127584	0.5984568810829464	0.05993512207190883	1.6529079379063526E-4	0.0011228486212826305
3	3	0.034096601279585345	0.029086764434258772	0.0727286619246295	0.42544824383589325	0.11504076883134287	2.0125854809109888E-4	0.3233977011461991
4	4	0.0525862751294774	0.20366389837714083	0.03919027302447969	0.32338543549470744	0.2560354139066115	0.004682161716941953	0.12045654235064122
5	5	0.06440494153076362	0.2429538669639417	0.004711754974615786	0.21768297131182057	0.3077981129206269	0.013019552728311795	0.14942879956991964
6	6	3.069613279185888E-5	0.31683785194753167	1.860018895392278E-4	0.4358752103597468	0.22099533948608827	1.7167980995426565E-5	0.026057732203306733
7	7	7.82706562952934E-4	0.31250587630139864	0.015580680103076618	0.4119627904666309	0.20930979946756523	8.08381653280072E-6	0.049850063281842764
8	8	3.462208441228424E-5	0.015994450676954333	0.008797617387097086	0.8147394272725599	0.12366307978851633	1.9363718916729222E-5	0.03675143907154338
9	9	4.6207992751777404E-5	2.6557229669246253E-4	0.7749647408272516	0.21998190948698243	0.002535774905929473	2.584357928011435E-5	0.002179950911112065
10	10	2.508803165279791E-4	6.0899972916260835E-5	0.7835609784258522	0.21302305047859157	0.0017170856108246664	2.584357928011435E-5	0.0013612616160072581
11	11	0.07243338223394452	0.2725820688779445	4.49308449494168E-4	0.20119083691309747	0.2899487042276226	1.4994193266488654E-4	0.16324575736523192
12	12	0.027423850707730256	0.0096541853583997	0.05493771309159617	0.5777727616970172	0.2301534097781874	0.014842699788136387	0.08521537957893278
13	13	0.042276907888493635	0.3746229952516205	0.06387127119064352	0.20259033373297375	0.22699960012245482	2.493545389685318E-4	0.0893895372748453
14	14	0.08717466774212129	0.27379994758254633	0.008085730308053115	0.2337719618647984	0.25790836802712586	0.0011106192811871384	0.1381487051941679
15	15	0.029638058530287767	0.224142271323115	0.005202881399400652	0.36193223901974686	0.26132858145385895	6.234888035897849E-6	0.11774973338555489
16	16	0.0068805386257093076	8.428579501466524E-4	0.010919842092596114	0.6247305958727009	0.2995696691372632	0.02149577074527116	0.035560725576312686
17	17	3.709155924382282E-4	1.3688221768972094E-4	0.025104055487933513	0.7692528666096627	0.1758959986615965	7.522736658585348E-6	0.029231758694020803
18	18	0.0278696878189978	0.30495680946409	0.11590098705374567	0.29784610963910796	0.17915612123786284	0.0037918254451509456	0.07047845934104476
19	19	0.022470113876307738	0.011745516527887273	0.0036790920930299897	0.124132917309197	0.23485504419982806	0.5205474016121954	0.0825699143815545
20	20	0.05314019465142504	0.024034970408533973	0.43228127137720684	0.3510541127183793	0.08358822130506185	0.025907848911371264	0.02999338062802167
21	21	0.02037696880333706	0.2637034223548179	0.009273466748701775	0.4480256868095075	0.19973135352855373	8.110818221016164E-6	0.05888099093686099
22	22	8.739478513546896E-6	1.6635978000409618E-4	0.26394167854558603	0.1474014375049156	0.5119986806466225	4.887886107604563E-6	0.07647821615825066
23	23	0.4160823303588106	0.017019818306963898	0.09900475794411857	0.16896664460878644	0.20030334388126247	0.008725315432405269	0.08989778946765282
24	24	0.02396376167280553	1.7424085793997044E-5	2.1550659799607967E-5	0.19241246746783633	0.30277169868266574	0.40810353342597816	0.0727095640051207
25	25	0.004048524055468764	5.090491986556754E-4	0.17279908605664954	0.3514742550428023	0.3609818676742265	0.011906136698819271	0.09828108127337798
26	26	0.007161822678139446	0.002565710860086388	0.026364894698813465	0.11404856431041611	0.4698878045116282	0.004968318967794954	0.3750028839731214
27	27	0.01783787564944608	2.6842917792040637E-4	2.830073706910686E-4	0.1695954648140921	0.6449070608224627	2.6121590343119677E-5	0.16708204057504453
28	28	0.012560078662531771	0.005480729132855098	0.01333679830710019	0.06211811586258246	0.7732337270779491	4.23791474428715E-6	0.13326631304223707
29	29	1.1475210221640572E-4	5.895555238331492E-4	0.029710936484512347	0.5374346142315317	0.3936945487445886	0.014616021077845934	0.02383957183547179
30	30	4.476051698584065E-5	0.001050296853564787	4.6948533470422685E-4	0.2662248525039876	0.4477503612167825	0.23298161173278228	0.05147863184119276
31	31	0.010788782064530577	0.29748075136185936	0.0016270434070811124	0.38396904042346014	0.22034252159057316	3.226178767032837E-5	0.08575959936482523
32	32	0.006452404940564554	4.195715541995565E-4	0.07022238592758395	0.15321233586333882	0.48729134821520476	0.02271773035436892	0.2596842231447395
33	33	0.012462941105539027	0.005837151493232197	0.033318846789054765	0.1754308734929952	0.6107775952336438	0.004343840711705547	0.1578287511738295
34	34	0.30416260413374935	0.05418034322915441	0.0035838522688834322	0.1671348676692407	0.2596212113864543	4.175827138592017E-6	0.2113129454853793
35	35	0.02107690000806616	0.0355217705997682	0.007140172455367336	0.3668276676507781	0.547261175529959	0.014941775253095502	0.007230538502965572
36	36	9.22288561104946E-6	0.001115147943538436	5.588567661898853E-5	0.3587912602631816	0.18274501846892272	0.4541930048149959	0.003090459947131327
